0,5 => 0
0,4555659259422763 => 0
0,3872391211863049 => 0
0,34532862207621495 => 0
0,31258016216476975 => 0
0,2858116726338635 => 0
0,2637203006977516 => 0
0,24526815381627423 => 0
0,22964322784176033 => 0
0,21587660367926292 => 0
0,2037536440423128 => 0
0,19468160109099292 => 0
0,18272286769235024 => 0
0,1290658214724046 => 0
0,12524228945060362 => 0
0,12171484140936088 => 0
0,11844859520865184 => 0
0,11541265072124937 => 0
0,11258913215709726 => 0
0,10963575018471389 => 0
0,10748384609607743 => 0
0,1051568606036722 => 0
0,10296399133663313 => 0
0,10089467954815624 => 0
0,0984895245744144 => 0
0,09710544127885201 => 0
0,09534591618780906 => 0
0,09365669552624657 => 0
0,09191249842421037 => 0
0,09055920150237011 => 0
0,08911131322141828 => 0
0,07805893774214345 => 0
0,05608071546721008 => 0
0,05563407852899871 => 0
0,05519772244536512 => 0
0,05472250457093016 => 0
0,054354415923831986 => 0
0,053946420294433355 => 0
0,053543259555579516 => 0
0,053154418740077536 => 0
0,05277178713458947 => 0
0,0523934983031619 => 0
0,05202923241479794 => 0
0,05165439584620952 => 0
0,051180353837275296 => 0
0,05096975987510384 => 0
0,05063056182339818 => 0
0,05029758615255757 => 0
0,04997282656149497 => 0
0,04965133950840435 => 0
0,04933765591655097 => 0
0,049028989217593355 => 0
0,04852922518644124 => 0
0,04842945142397426 => 0
0,0481378476419189 => 0
0,04785012793799935 => 0
0,04756649848006953 => 0
0,04728955761687286 => 0
0,046910389360102785 => 0
0,04666354509815545 => 0
0,04648623953426595 => 0
0,046218463113867216 => 0
0,04597123582231734 => 0
0,04572004441946339 => 0
0,045110732988276545 => 0
0,04459113594545474 => 0
0,044993151312155706 => 0
0,044757377153914056 => 0
0,029790954129002695 => 0
0,04430856860668797 => 0
0,04406000246529232 => 0
0,043902165570850804 => 0
0,043586699330979105 => 0
0,04336442166048666 => 0
0,042891904678017734 => 0
0,0413681399003836 => 0
0,038408041466145015 => 0
0,026041091367880752 => 0
0,026023569461006604 => 0
0,025921974527411372 => 0
0,025885310070111602 => 0
0,02581538773495518 => 0
0,025746390202984335 => 0
0,025707818743274564 => 0
0,025653232231794068 => 0
0,02558126893713221 => 0
0,0254937692974436 => 0
0,0254833594459883 => 0
0,025460590573028522 => 0
0,025372813470525935 => 0
0,025284455119107728 => 0
0,025297538115117934 => 0
0,025225921984729914 => 0
0,02515643730793423 => 0
0,025135189213964113 => 0
0,025058919255893285 => 0
0,0250079235371573 => 0
0,024962118604940506 => 0
0,024882769714343226 => 0
0,024866010712362458 => 0
0,02484479906333058 => 0
0,024781453030091032 => 0
0,024726248854604338 => 0
0,02464353810982398 => 0
0,024610953702985664 => 0
0,024572695025812576 => 0
0,02455288104237533 => 0
0,024484454431732566 => 0
0,02440761279576319 => 0
0,02438698743590452 => 0
0,024329968771379277 => 0
0,02426712188842877 => 0
0,024242650640838866 => 0
0,02418896758908001 => 0
0,02414303852214694 => 0
0,02409512180524403 => 0
0,024054079994327817 => 0
0,024026094921605522 => 0
0,023976794318051473 => 0
0,023910485325511963 => 0
0,02389627217410195 => 0
0,023835727043151313 => 0
0,02378927933267913 => 0
0,023738865297149404 => 0
0,02369571402101176 => 0
0,02366478480587852 => 0
0,02362345247411902 => 0
0,023582576700128383 => 0
0,023529981907298183 => 0
0,023530370835284246 => 0
0,023469832684115368 => 0
0,02341390823334166 => 0
0,023365973226162084 => 0
0,02333320847582787 => 0
0,023284204202097196 => 0
0,023243118998511288 => 0
0,023207265175064325 => 0
0,02318231326784274 => 0
0,023133635424186106 => 0
0,023094875852640903 => 0
0,023057421198825232 => 0
0,02301777957076662 => 0
0,022979710578557216 => 0
0,02293836809828752 => 0
0,022903399392238885 => 0
0,022868386143510618 => 0
0,022836692208353184 => 0
0,02279053053933553 => 0
0,02275383023628832 => 0
0,022703399753061702 => 0
0,022671639243449566 => 0
0,022646466744548354 => 0
0,02259975276350083 => 0
0,022562579317733696 => 0
0,022534378207845505 => 0
0,022486730032886957 => 0
0,02245331278349945 => 0
0,022418577513596938 => 0
0,02237497435062552 => 0
0,022351837015744024 => 0
0,02233537169268524 => 0
0,022287518196196027 => 0
0,02224583828544416 => 0
0,02219760244633287 => 0
0,022169092072984804 => 0
0,02212895706981212 => 0
0,022060074824185105 => 0
0,022072101041263094 => 0
0,022032756865787807 => 0
0,022000665812647712 => 0
0,02196528149269143 => 0
0,021926910336952654 => 0
0,021896013024709317 => 0
0,021862965524506166 => 0
0,02182797257033263 => 0
0,02179994130395623 => 0
0,021767880581203075 => 0
0,021729724973173523 => 0
0,02170188403078166 => 0
0,02167067822987424 => 0
0,021628613858907762 => 0
0,021603522069181764 => 0
0,02156969124876528 => 0
0,02153138149159738 => 0
0,02150792919357101 => 0
0,021472956447196084 => 0
0,021442788604784036 => 0
0,021412688236895853 => 0
0,021386124257830985 => 0
0,021342858804335393 => 0
0,021336351878545972 => 0
0,021286887608316714 => 0
0,021259625938735573 => 0
0,0212537174316061 => 0
0,02119250903723204 => 0
0,02116296545723204 => 0
0,021148680128054834 => 0
0,021127023300716058 => 0
0,0210771157309318 => 0
0,0210433172669381 => 0
0,02101340715815371 => 0
0,02098649359160687 => 0
0,020954350468455427 => 0
0,02093032825831154 => 0
0,020895452117120378 => 0
0,020870382002570204 => 0
0,0208377987767869 => 0
0,020809686025666116 => 0
0,02077897126169305 => 0
0,020752970416003654 => 0
0,020722511187841856 => 0
0,020685008525169767 => 0
0,020663861405350276 => 0
0,02064326945987253 => 0
0,020608595589451658 => 0
0,020582517437536085 => 0
0,0205557768338048 => 0
0,02052666928406092 => 0
0,02050910789768676 => 0
0,020467063154880172 => 0
0,020446120059706474 => 0
0,020433672395611422 => 0
0,02040617793760072 => 0
0,020365632102446907 => 0
0,02034848175766781 => 0
0,0203045277077742 => 0
0,020280371269291105 => 0
0,020266041180134125 => 0
0,020227661764551125 => 0
0,020201181577789235 => 0
0,020176752767649932 => 0
0,020148352957018403 => 0
0,020124543606180843 => 0
0,020098934060052653 => 0
0,0200681538310459 => 0
0,020048361349156992 => 0
0,02001481687559929 => 0
0,0199921382281137 => 0
0,019967016240683862 => 0
0,019872447242987215 => 0
0,019912538719434176 => 0
0,019892750397764104 => 0
0,019869110210055736 => 0
0,01984629523691423 => 0
0,019816237236514454 => 0
0,01979352339289882 => 0
0,019765097330156106 => 0
0,01974824850620401 => 0
0,019724019177790323 => 0
0,019696502547690755 => 0
0,01966493184123765 => 0
0,019645676873136217 => 0
0,019617873692482756 => 0
0,019614420647841392 => 0
0,019574594975597163 => 0
0,019560560603080705 => 0
0,01952679049691072 => 0
0,019500003525766748 => 0
0,01947671933358604 => 0
0,01945308472737138 => 0
0,019430569920564206 => 0
0,019405284391153476 => 0
0,01938579842672803 => 0
0,019360804366228022 => 0
0,019337613460872538 => 0
0,019315742717021 => 0
0,019289696403669333 => 0
0,019267962180091348 => 0
0,019244812880091767 => 0
0,01922163358628411 => 0
0,019198975405225933 => 0
0,019173377200172082 => 0
0,0191537189364348 => 0
0,019135556418721406 => 0
0,019106333139894526 => 0
0,019087458107261236 => 0
0,01906629407525572 => 0
0,019042198139530474 => 0
0,01902434158538875 => 0
0,019003072743482737 => 0
0,018971776550975428 => 0
0,01895736422629461 => 0
0,018929392619552097 => 0
0,018914425556882532 => 0
0,018893080961585318 => 0
0,01886603177323345 => 0
0,01884461782351292 => 0
0,018823713206934437 => 0
0,01880242883584411 => 0
0,018780390013828356 => 0
0,018761996025376197 => 0
0,0187402779622873 => 0
0,01871658195495594 => 0
0,01870091931907782 => 0
0,018676025063269205 => 0
0,018657395970501495 => 0
0,018631668794321907 => 0
0,018612877835219106 => 0
0,01859481345885731 => 0
0,018576146911046885 => 0
0,01855190760533127 => 0
0,01853096019360384 => 0
0,018512263947377164 => 0
0,018494058424361415 => 0
0,018469820775289067 => 0
0,018449554776673933 => 0
0,018427035840334706 => 0
0,01841686222848184 => 0
0,01838799938730011 => 0
0,018371689293045813 => 0
0,0183474139405793 => 0
0,01832763482648789 => 0
0,018313023418859518 => 0
0,01829073380091523 => 0
0,018271666160912425 => 0
0,01826021814718721 => 0
0,018232022403593756 => 0
0,018216514040307302 => 0
0,018193618522932723 => 0
0,018173684023427967 => 0
0,018156497755833473 => 0
0,018137657980626304 => 0
0,018116117322429674 => 0
0,018096835136582768 => 0
0,018078232057087862 => 0
0,018057095865569424 => 0
0,018041204142885594 => 0
0,018019633471759628 => 0
0,018002676561929658 => 0
0,017983617153191554 => 0
0,017965533510395336 => 0
0,017950211320116243 => 0
0,017928283590163952 => 0
0,01791203998421456 => 0
0,01788820266358649 => 0
0,01787382929211403 => 0
0,01785135380947801 => 0
0,017836449620198112 => 0
0,01781644495462252 => 0
0,017803833314699126 => 0
0,01778526438829415 => 0
0,017767303212857508 => 0
0,017742527817417083 => 0
0,017729314278302266 => 0
0,017708993872679907 => 0
0,01769165078295614 => 0
0,017673153502376575 => 0
0,01765660265190575 => 0
0,017638532107532155 => 0
0,01762078678995604 => 0
0,017604235958332864 => 0
0,017583536214797812 => 0
0,01756846752495788 => 0
0,017549145557477108 => 0
0,017532790637830333 => 0
0,017518870906267834 => 0
0,017499005950701276 => 0
0,01748201865761012 => 0
0,017467177947069857 => 0
0,01744692438420819 => 0
0,01743009813273528 => 0
0,017413046475258095 => 0
0,017401454168257974 => 0
0,017379029494004633 => 0
0,01736266552472231 => 0
0,01734818652110129 => 0
0,017327199727753238 => 0
0,017313619719340187 => 0
0,017294625105223376 => 0
0,01728202844136538 => 0
0,017261281187584708 => 0
0,017245595651521915 => 0
0,017229508646649617 => 0
0,017215128472244906 => 0
0,017194657855028418 => 0
0,017185605508246875 => 0
0,017163531629231312 => 0
0,01715011515489005 => 0
0,017132548099928684 => 0
0,017115495991026203 => 0
0,01709932875962844 => 0
0,017083781265025043 => 0
0,017076710975476354 => 0
0,01705166863056066 => 0
0,01703652549769828 => 0
0,01701944372609781 => 0
0,0170041644770618 => 0
0,016987832941024822 => 0
0,016972353115374938 => 0
0,01695667225094592 => 0
0,016942511887882056 => 0
0,016927383897022256 => 0
0,01690760243086805 => 0
0,016892146670545536 => 0
0,016878367638495314 => 0
0,01687174320842958 => 0
0,016849493845304972 => 0
0,016833053781378927 => 0
0,01681851281631318 => 0
0,01680015001768645 => 0
0,0167866763461391 => 0
0,016773724968877243 => 0
0,016755719346102316 => 0
0,01674140113535977 => 0
0,016726746013195525 => 0
0,016710414742421888 => 0
0,01670854049800104 => 0
0,016680049853548224 => 0
0,016667575174586488 => 0
0,0166516181802335 => 0
0,016634210015124853 => 0
0,016619531925453738 => 0
0,01660672654869335 => 0
0,01659082313237075 => 0
0,016576791961142628 => 0
0,01656641722746007 => 0
0,016547608503429657 => 0
0,016532891659119937 => 0
0,016521509533241375 => 0
0,016502521808175175 => 0
0,016493692583492613 => 0
0,01647591835160191 => 0
0,016461986676138577 => 0
0,016446742944475103 => 0
0,016430842714435224 => 0
0,016418217223480757 => 0
0,016403089218932045 => 0
0,016386659552271837 => 0
0,016377454689417363 => 0
0,016359295668490433 => 0
0,01634518351820423 => 0
0,01633324664361716 => 0
0,016318444248426246 => 0
0,016305856152749203 => 0
0,016289469003607174 => 0
0,016276967386127585 => 0
0,016264086636800804 => 0
0,016250638230096138 => 0
0,01623530283341141 => 0
0,016223849369393768 => 0
0,016210366340709128 => 0
0,01619550437067723 => 0
0,016180443792543762 => 0
0,01616663419694541 => 0
0,01615366827088687 => 0
0,01614056785056281 => 0
0,016125059158282825 => 0
0,01611355776792502 => 0
0,01610552549976261 => 0
0,016086529789819778 => 0
0,016071825255079348 => 0
0,016057332498246642 => 0
0,016047756463414196 => 0
0,016031859008355596 => 0
0,016019022292547883 => 0
0,016004831698012416 => 0
0,015995122911029922 => 0
0,01598009656428775 => 0
0,015969113350888145 => 0
0,015956735671932336 => 0
0,01594010217032553 => 0
0,015926322936683817 => 0
0,015920888070926238 => 0
0,015902718058589102 => 0
0,015814185561317806 => 0
0,015874877636702305 => 0
0,015862459655490792 => 0
0,01584957508476718 => 0
0,015837262699249566 => 0
0,01582464469934723 => 0
0,01581270822096534 => 0
0,015800224365025244 => 0
0,015782916511976924 => 0
0,015772795880038264 => 0
0,015758735509725515 => 0
0,01574761482914882 => 0
0,01573642053439153 => 0
0,015717609256601435 => 0
0,015711033686293386 => 0
0,015697050213043438 => 0
0,01568488843423176 => 0
0,015674314494366015 => 0
0,01566258623353739 => 0
0,015650708252834905 => 0
0,015634824864836142 => 0
0,015625349196813583 => 0
0,015610428631709269 => 0
0,01559809653997994 => 0
0,015588352383253066 => 0
0,015573222809770776 => 0
0,015564728734435816 => 0
0,015549838902067075 => 0
0,015536298133335765 => 0
0,015525498930006036 => 0
0,015515866858447414 => 0
0,015502097848950002 => 0
0,015489285114959492 => 0
0,01547758590677807 => 0
0,015466164289585797 => 0
0,015453503819153763 => 0
0,015441402094040891 => 0
0,015429693367192061 => 0
0,015418086005113964 => 0
0,015406437130946265 => 0
0,015398391849384704 => 0
0,01538312071166713 => 0
0,015370504082845338 => 0
0,015358990898920233 => 0
0,015345227911508694 => 0
0,015337451880695118 => 0
0,015325759643698356 => 0
0,015312358733129017 => 0
0,015300503455477503 => 0
0,015289388483225962 => 0
0,015277518993830357 => 0
0,015261425680939186 => 0
0,015256052759139192 => 0
0,015243820434402441 => 0
0,015227335442932177 => 0
0,01522018068925407 => 0
0,015212242578968659 => 0
0,015200220369881723 => 0
0,015186116476901644 => 0
0,015174596626986597 => 0
0,015164356009594968 => 0
0,015152572935570548 => 0
0,015141098083366809 => 0
0,015130744786848543 => 0
0,015119429542367335 => 0
0,015108519150668532 => 0
0,015096381614079507 => 0
0,015087147500145481 => 0
0,015073951434859952 => 0
0,015062030142745732 => 0
0,015052145827839812 => 0
0,015041079753365182 => 0
0,015034692860090801 => 0
0,015020944096310116 => 0
0,015008698905737212 => 0
0,015000230881781223 => 0
0,014986261797548797 => 0
0,014976343812326138 => 0
0,014964921003258792 => 0
0,014954086795346688 => 0
0,01494551875672555 => 0
0,01493236272155608 => 0
0,014924403710494864 => 0
0,014910930320551102 => 0
0,014900566574940745 => 0
0,014888366147674827 => 0
0,014878531140535518 => 0
0,014867926168194698 => 0
0,014857544645939216 => 0
0,014846799638793534 => 0
0,014837522535332492 => 0
0,014825178741483761 => 0
0,014816635711024598 => 0
0,014806151905977423 => 0
0,01479468821457471 => 0
0,014783491992421061 => 0
0,014773214403746415 => 0
0,014762843426189436 => 0
0,014752587234878118 => 0
0,014744508959212609 => 0
0,01473435953843829 => 0
0,014722329197451993 => 0
0,0147100412732793 => 0
0,01470089121804821 => 0
0,01469100502189705 => 0
0,0146804895912347 => 0
0,01466911609337559 => 0
0,014660070829459523 => 0
0,014649558763174374 => 0
0,014639624658037913 => 0
0,01463145496329807 => 0
0,014626326896439893 => 0
0,01460970268699157 => 0
0,014599442926582532 => 0
0,014589868506944138 => 0
0,014580064458453336 => 0
0,014571407661618506 => 0
0,014559378839066453 => 0
0,01455147904598015 => 0
0,014546803042052601 => 0
0,014528953681097231 => 0
0,014519245402117204 => 0
0,014509609302754222 => 0
0,014501444824844563 => 0
0,01448963045173964 => 0
0,01447931341997548 => 0
0,014470596842595206 => 0
0,01445936370145635 => 0
0,014449217943620075 => 0
0,014443746909012527 => 0
0,014431688653024532 => 0
0,014424438064480018 => 0
0,014412531249467378 => 0
0,014401935444967838 => 0
0,014391793278728722 => 0
0,014383651842966525 => 0
0,014374016206466996 => 0
0,014364537206081319 => 0
0,014354123382351657 => 0
0,014344433173371907 => 0
0,014334880873355136 => 0
0,014327049763692225 => 0
0,014314582995488118 => 0
0,014317096735473175 => 0
0,014297009204223703 => 0
0,014287390387519687 => 0
0,014277912090274793 => 0
0,014268920477111804 => 0
0,014259341750926031 => 0
0,014251424749201715 => 0
0,014241149855563443 => 0
0,01423272674989293 => 0
0,014222178600843972 => 0
0,014212411125241823 => 0
0,014203081484480233 => 0
0,014193695143648872 => 0
0,014186116012892477 => 0
0,014175558578492392 => 0
0,0141662879746241 => 0
0,01415651968123192 => 0
0,014147467942775988 => 0
0,0141387996171267 => 0
0,014129340044947952 => 0
0,014120640278077341 => 0
0,01411147094180327 => 0
0,014102195149570541 => 0
0,014096959380655086 => 0
0,014086220847594252 => 0
0,014082450880198355 => 0
0,01406658627175375 => 0
0,014057235665521613 => 0
0,014049408610024421 => 0
0,014041907464005252 => 0
0,01403142928009243 => 0
0,01402281641935606 => 0
0,01401553833035391 => 0
0,01400257236286847 => 0
0,013994448489679474 => 0
0,013986555099805602 => 0
0,013977612368331878 => 0
0,0139690285471923 => 0
0,01395808542929435 => 0
0,013949349111674175 => 0
0,013940792965186745 => 0
0,013932584320648247 => 0
0,013924583967326055 => 0
0,013917036740413195 => 0
0,013908091597078816 => 0
0,01389753566417868 => 0
0,013890446047264304 => 0
0,013880575696718545 => 0
0,013871962664753528 => 0
0,013862427500218752 => 0
0,013854592146455886 => 0
0,013844969592726339 => 0
0,01383854341907307 => 0
0,013828941792018448 => 0
0,01382022296360272 => 0
0,01381363118474727 => 0
0,013802233616741561 => 0
0,013794826792451592 => 0
0,013786080752425168 => 0
0,013777840035255087 => 0
0,013771201600691016 => 0
0,013760871500184138 => 0
0,013752381110565393 => 0
0,013744797446110076 => 0
0,013734677472696705 => 0
0,013727064132474175 => 0
0,013718119256337586 => 0
0,01371021020161356 => 0
0,013701657874243496 => 0
0,013693086830195936 => 0
0,01368557170830214 => 0
0,013676889679378213 => 0
0,01367043369190791 => 0
0,013665935039246447 => 0
0,013652039955602324 => 0
0,01364491719945611 => 0
0,01363550745160057 => 0
0,013627330015858427 => 0
0,013619196717921816 => 0
0,013611910467126008 => 0
0,013602431298955721 => 0
0,013600513109587422 => 0
0,013587832649697056 => 0
0,013578267478856145 => 0
0,013570298353241913 => 0
0,013562900245975538 => 0
0,013554429073223365 => 0
0,01354543875320072 => 0
0,013537899979764538 => 0
0,01353118124889649 => 0
0,013522474704009564 => 0
0,013514432583416116 => 0
0,01350622813598286 => 0
0,013498565820015244 => 0
0,013487898066921581 => 0
0,01348272235935595 => 0
0,013473755023756627 => 0
0,01347219064081982 => 0
0,013457411904361031 => 0
0,013447954719652606 => 0
0,013442380464708185 => 0
0,01343436854963823 => 0
0,013426971364241971 => 0
0,013420876637383738 => 0
0,013411336924909508 => 0
0,013404196447430112 => 0
0,013395851816305142 => 0
0,01338817626844416 => 0
0,013379870952315012 => 0
0,01337169725506016 => 0
0,013366756986786512 => 0
0,013356725677423728 => 0
0,013355158773624635 => 0
0,013340553321200004 => 0
0,013333455219166557 => 0
0,013326700719977519 => 0
0,013320526181453 => 0
0,013310346570490341 => 0
0,013302920063011911 => 0
0,013295633359549367 => 0
0,01328844646749157 => 0
0,013280317633293107 => 0
0,01327239975179397 => 0
0,01326502778141766 => 0
0,013257123072751155 => 0
0,013249758249635687 => 0
0,013242972763400479 => 0
0,013234625765373657 => 0
0,013226898865056078 => 0
0,01322288663247553 => 0
0,013208587435924084 => 0
0,013205425534565602 => 0
0,01319712760664605 => 0
0,01318903282984834 => 0
0,013183972695139197 => 0
0,013174941646010433 => 0
0,013167745019316833 => 0
0,013159567165125575 => 0
0,013154816238512551 => 0
0,013146298028730203 => 0
0,013138071502978393 => 0
0,013130671988783553 => 0
0,0131235159141821 => 0
0,013115423566206642 => 0
0,013110049988014946 => 0
0,013101770111201293 => 0
0,013094775981777705 => 0
0,013085751568953922 => 0
0,013078863981174521 => 0
0,013075119466355917 => 0
0,013064492202290228 => 0
0,013057134243557984 => 0
0,013051956089181183 => 0
0,013044711778334555 => 0
0,013036796800349908 => 0
0,013028811573415977 => 0
0,013021131164658934 => 0
0,013014612237593544 => 0
0,013009191101927971 => 0
0,01300019153633773 => 0
0,012994738370699244 => 0
0,012986214304992276 => 0
0,012979228734229393 => 0
0,01297206542729156 => 0
0,012964204422078986 => 0
0,012958264828174632 => 0
0,012952823860794228 => 0
0,012944281467773502 => 0
0,012937279288183855 => 0
0,012929908340765872 => 0
0,012924087760043319 => 0
0,012914880317509663 => 0
0,01290873425130536 => 0
0,012901853449172218 => 0
0,012894974818043558 => 0
0,01289046869618544 => 0
0,012880881286953612 => 0
0,012874926866249062 => 0
0,012868253301576697 => 0
0,012859946980324829 => 0
0,012855088570703875 => 0
0,012846015761175415 => 0
0,012838704380944702 => 0
0,012832284225755658 => 0
0,012826211242860833 => 0
0,01281867468473931 => 0
0,012814067460899692 => 0
0,012804536143365818 => 0
0,012798709158230264 => 0
0,012791405360237557 => 0
0,01278456541507884 => 0
0,012778388202568084 => 0
0,012770266411495933 => 0
0,012765094297509355 => 0
0,012756630478988739 => 0
0,012750967043169525 => 0
0,01274372627788441 => 0
0,012736429399396232 => 0
0,012730448625432206 => 0
0,012724219602683018 => 0
0,012722543664166539 => 0
0,012711677908417506 => 0
0,012702289258525418 => 0
0,012696486037201023 => 0
0,012690275270361623 => 0
0,012684008001455974 => 0
0,012677122204590554 => 0
0,012671517777400918 => 0
0,012664096730243745 => 0
0,012658039624587244 => 0
0,012650341233894231 => 0
0,012643843067630292 => 0
0,01263738146726432 => 0
0,012631536296427291 => 0
0,012625794783126412 => 0
0,012618373452726567 => 0
0,01261155198535467 => 0
0,012607034334817593 => 0
0,01259842440991271 => 0
0,012592076732653326 => 0
0,012584942177338826 => 0
0,012577547817234162 => 0
0,01257261270321964 => 0
0,012566346526478965 => 0
0,012561982101457068 => 0
0,012552623684888816 => 0
0,012546415174176855 => 0
0,012539449548255251 => 0
0,012535315129039513 => 0
0,012528709010961805 => 0
0,012521089311732275 => 0
0,012515270200989066 => 0
0,012507960162919163 => 0
0,012503174129202946 => 0
0,012496993194568314 => 0
0,012490227236763527 => 0
0,012484462351593426 => 0
0,012477721054410407 => 0
0,01247024330306155 => 0
0,012464847095405506 => 0
0,01245807925820507 => 0
0,012452203612589502 => 0
0,012445356397240329 => 0
0,01244292541379674 => 0
0,012432874370169386 => 0
0,012424973686135323 => 0
0,012421900997583222 => 0
0,012414273777088878 => 0
0,012408437804172124 => 0
0,012401470701461132 => 0
0,012396052102321371 => 0
0,012389491453616253 => 0
0,012383272954304206 => 0
0,01237727161168626 => 0
0,012371581652629918 => 0
0,012344087169737443 => 0
0,012357055031244195 => 0
0,012352771198502723 => 0
0,012351766273743419 => 0
0,012338939463481231 => 0
0,012333583609379108 => 0
0,012328123578804888 => 0
0,012322289997620944 => 0
0,012316230908020477 => 0
0,01231095777516371 => 0
0,012304003767837749 => 0
0,012299840508384693 => 0
0,012293412163582693 => 0
0,012285622516478044 => 0
0,012280978924644444 => 0
0,012273697962305742 => 0
0,012268614014298558 => 0
0,012261831873974168 => 0
0,012255780327099036 => 0
0,01225092639628577 => 0
0,01224647375178219 => 0
0,01224094438575009 => 0
0,012232574582955262 => 0
0,012226207902227159 => 0
0,012220365470771667 => 0
0,012214578158299835 => 0
0,012208632371463583 => 0
0,012202197890782338 => 0
0,01219609157030417 => 0
0,012191381814243122 => 0
0,012185752974072893 => 0
0,012178585764461385 => 0
0,012173050763059816 => 0
0,012167787060420187 => 0
0,012151866061147251 => 0
0,012157683313734291 => 0
0,012150173204069805 => 0
0,012144406527930146 => 0
0,01213835597071339 => 0
0,012129984254834258 => 0
0,012126412677955068 => 0
0,012120724908943241 => 0
0,01211458980295653 => 0
0,012109454366330749 => 0
0,012105593733350722 => 0
0,012097447450386932 => 0
0,012091628051158619 => 0
0,012085364730334952 => 0
0,012079850723469865 => 0
0,012074347478451108 => 0
0,01206868064518857 => 0
0,01206189203261746 => 0
0,012057555377930318 => 0
0,012051982072690138 => 0
0,012050548509762773 => 0
0,012040716427398571 => 0
0,012036168460215452 => 0
0,012029494764726895 => 0
0,01202322984246798 => 0
0,012018337314167106 => 0
0,012014076279211625 => 0
0,012006037351010138 => 0
0,011975472328706858 => 0
0,011995416040159336 => 0
0,011989461122809486 => 0
0,011983633727896974 => 0
0,011978713428930303 => 0
0,011972718269376056 => 0
0,01196794527672883 => 0
0,011962179977161301 => 0
0,011956600267936034 => 0
0,011950513798929948 => 0
0,011946150037817823 => 0
0,011938659665437784 => 0
0,011934624521553496 => 0
0,011928328338648818 => 0
0,011922896901151225 => 0
0,01191775998610405 => 0
0,01191230949785722 => 0
0,011906565815763753 => 0
0,01190118039945518 => 0
0,011895839218735252 => 0
0,011890599670340384 => 0
0,011884553333691298 => 0
0,01187862878251878 => 0
0,011873996145089938 => 0
0,011869706988808574 => 0
0,011862707020012507 => 0
0,011858461154782618 => 0
0,011852171887098572 => 0
0,011848091434945834 => 0
0,011841252111840766 => 0
0,011835874619098867 => 0
0,011831073968187018 => 0
0,011816858139084896 => 0
0,0118202693310156 => 0
0,011814869042554993 => 0
0,011808683581333045 => 0
0,011803930964225938 => 0
0,011797860148553663 => 0
0,011790171080150817 => 0
0,011789383691681803 => 0
0,011781998107430042 => 0
0,011776751804182225 => 0
0,011770957949223053 => 0
0,011765889320072161 => 0
0,01176089528480607 => 0
0,011755767201743251 => 0
0,011750342208792277 => 0
0,011745357862675982 => 0
0,011741562047646792 => 0
0,011734563370343436 => 0
0,011729505233748527 => 0
0,01172412658985576 => 0
0,01171855341520395 => 0
0,011713589198781014 => 0
0,011710209175243489 => 0
0,011635367388563866 => 0
0,011697317731776883 => 0
0,011695065019146062 => 0
0,011687564038385646 => 0
0,011683159144259388 => 0
0,01167688995302213 => 0
0,01167228324333463 => 0
0,011666755777092934 => 0
0,011662223886403911 => 0
0,01165761592070918 => 0
0,011650979392292243 => 0
0,011646764416935032 => 0
0,011642198474049084 => 0
0,01163594144556212 => 0
0,011630886615593023 => 0
0,011625633026985273 => 0
0,01162148638912579 => 0
0,01161732648113468 => 0
0,011610935505014568 => 0
0,011605481677856312 => 0
0,011599714980782065 => 0
0,011595806523761944 => 0
0,01159185425625777 => 0
0,011585489968744147 => 0
0,01157998985602847 => 0
0,011574403455638158 => 0
0,01157148565469837 => 0
0,011564907577551856 => 0
0,0115618582651841 => 0
0,011554828181608396 => 0
0,011552140190671977 => 0
0,011545644289287529 => 0
0,011539990981398565 => 0
0,011534323215937725 => 0
0,011531276010812832 => 0
0,011525908480450625 => 0
0,01152089834611917 => 0
0,01151474814070017 => 0
0,011510639400888837 => 0
0,011504988501490497 => 0
0,011501129411499755 => 0
0,011495131172030429 => 0
0,011490292490530428 => 0
0,01148521566197916 => 0
0,011480004601545964 => 0
0,011475301276609598 => 0
0,011469458251973043 => 0
0,011465702911303235 => 0
0,011460098953541555 => 0
0,011457411156851642 => 0
0,011450922631729445 => 0
0,011450723300282411 => 0
0,011441951310488167 => 0
0,011436868732555219 => 0
0,011431367712409681 => 0
0,011426386116692848 => 0
0,011421885532980134 => 0
0,011418267999496358 => 0
0,01141232047481699 => 0
0,01140707538154345 => 0
0,01139959374692817 => 0
0,011397969484095456 => 0
0,01139269240990366 => 0
0,011387861805346554 => 0
0,011382870122920358 => 0
0,011378281000306958 => 0
0,011374073753044785 => 0
0,011370375946767488 => 0
0,011363587869454694 => 0
0,011360002974182614 => 0
0,011354123081540672 => 0
0,011349568084093663 => 0
0,011344746978379346 => 0
0,011339647250140496 => 0
0,011335933405437145 => 0
0,011330196853824224 => 0
0,01132718082833463 => 0
0,011321382213126813 => 0
0,011316601225772369 => 0
0,011311996334842088 => 0
0,011306774386233827 => 0
0,011302983466163636 => 0
0,0112973328623883 => 0
0,011292644063373311 => 0
0,01128802754667628 => 0
0,011283453903391449 => 0
0,011279493720518565 => 0
0,011274078614646143 => 0
0,011271616654526069 => 0
0,011264972941202865 => 0
0,011260662462087538 => 0
0,011255677924776433 => 0
0,011250883210449437 => 0
0,011246894960515471 => 0
0,011241851507427424 => 0
0,01123721732888908 => 0
0,011232373767235288 => 0
0,011227006719030725 => 0
0,011222945220003474 => 0
0,011218812424207105 => 0
0,011213864628556737 => 0
0,011167880370545499 => 0
0,011204481309096197 => 0
0,01120233835323582 => 0
0,011196359513352941 => 0
0,0111912661939652 => 0
0,01118641339689281 => 0
0,01118214148244296 => 0
0,011177523997205487 => 0
0,011173282933236469 => 0
0,011168708111385425 => 0
0,01116394009415669 => 0
0,011159298800931843 => 0
0,011154815159527431 => 0
0,011150101977884023 => 0
0,011145857421540197 => 0
0,011141328606147805 => 0
0,011136783502636005 => 0
0,011133410905244766 => 0
0,011127698391150222 => 0
0,011123376990599456 => 0
0,01111887288994256 => 0
0,011107103438959423 => 0
0,011111178681464634 => 0
0,011105396013449911 => 0
0,011100982029114395 => 0
0,01109700443885163 => 0
0,011092880266426504 => 0
0,011087626513832383 => 0
0,011083131356666 => 0
0,01107923155720869 => 0
0,011075203752326556 => 0
0,011069986249311334 => 0
0,011065151890962814 => 0
0,011061537502120045 => 0
0,011055945545830032 => 0
0,011052231937713208 => 0
0,011047602675382054 => 0
0,011043064979448854 => 0
0,011038476921514488 => 0
0,011034439643440279 => 0
0,011030129943320678 => 0
0,011025872727055493 => 0
0,011021356750280804 => 0
0,011017117637824425 => 0
0,011012172754065883 => 0
0,011008763685606859 => 0
0,011003701393701548 => 0
0,010999856293562997 => 0
0,010994897369118276 => 0
0,010991110868657629 => 0
0,010987000910494933 => 0
0,010982135090931733 => 0
0,010977851662101766 => 0
0,010973981922822874 => 0
0,010969267122569508 => 0
0,010965041989954129 => 0
0,010961708379491725 => 0
0,010950856221329078 => 0
0,010952730099650589 => 0
0,01094732477758477 => 0
0,010943856301858441 => 0
0,010939502877169311 => 0
0,010935106019554476 => 0
0,010932859873760241 => 0
0,010926679271637206 => 0
0,01092190880049395 => 0
0,010917815276623714 => 0
0,010914151070985385 => 0
0,010909608382012197 => 0
0,010905333928843826 => 0
0,010901022137400032 => 0
0,010897515698582872 => 0
0,010892786695623477 => 0
0,010892911098385022 => 0
0,010883531863093711 => 0
0,010879350382542553 => 0
0,010875987823128165 => 0
0,010871721106410787 => 0
0,01086727394647209 => 0
0,01086307686174865 => 0
0,010859009801123037 => 0
0,010856759846364807 => 0
0,01085254438692359 => 0
0,010845901837641496 => 0
0,010843180103209808 => 0
0,010838321273860911 => 0
0,01083510683495577 => 0
0,0108319934376421 => 0
0,010803024177659139 => 0
0,010822484793841273 => 0
0,010817593727540353 => 0
0,010813829365060226 => 0
0,010809576966997575 => 0
0,010805615527283624 => 0
0,010801858056004726 => 0
0,010796948938331368 => 0
0,01079305324741552 => 0
0,010788751628794727 => 0
0,01078514862743242 => 0
0,010779850275918308 => 0
0,010776513992337238 => 0
0,0107725508049841 => 0
0,010769079642067062 => 0
0,010767130785894098 => 0
0,010760790736299836 => 0
0,010755700402488414 => 0
0,010752784430689579 => 0
0,010748490647423739 => 0
0,010744136207271052 => 0
0,010740669669244576 => 0
0,010735860252278438 => 0
0,010731944771265975 => 0
0,010727987245259519 => 0
0,010724169152137237 => 0
0,010720240241665768 => 0
0,010716020880856623 => 0
0,01071141364161997 => 0
0,010708064237894204 => 0
0,010705299986968649 => 0
0,010700904120713882 => 0
0,010696197926028817 => 0
0,01069224340874253 => 0
0,010688046098456734 => 0
0,010684284242607369 => 0
0,010680345394500742 => 0
0,010675991293201601 => 0
0,010672147520131934 => 0
0,010668439740229735 => 0
0,010664142979804588 => 0
0,010660190669592487 => 0
0,01065651950345917 => 0
0,010652290202115833 => 0
0,010649818078436303 => 0
0,010644606240425491 => 0
0,010641067699430714 => 0
0,010636548520083444 => 0
0,010633023493904005 => 0
0,010622034637888932 => 0
0,010624512458917889 => 0
0,010620973352729823 => 0
0,010618198416671935 => 0
0,010612756167777843 => 0
0,01060991690197272 => 0
0,01060550370670847 => 0
0,01060266595556693 => 0
0,01059766769524569 => 0
0,010593746179401835 => 0
0,01058989477095242 => 0
0,010586555806438651 => 0
0,010582573091302077 => 0
0,010579314366457121 => 0
0,010574487244691984 => 0
0,010569993013853148 => 0
0,010567892376197083 => 0
0,010562724781222287 => 0
0,01055954525771529 => 0
0,010555258479693571 => 0
0,010551441764689166 => 0
0,010547472970475067 => 0
0,010543823459074364 => 0
0,010540533118576615 => 0
0,01053648833651798 => 0
0,010534371223082175 => 0
0,010528527928289004 => 0
0,0105240470675687 => 0
0,010521269609390342 => 0
0,010515967229642513 => 0
0,010512943375835753 => 0
0,010509500256534037 => 0
0,010505923253482445 => 0
0,010501843432207067 => 0
0,010498930999496114 => 0
0,0104939958676387 => 0
0,01049214662005183 => 0
0,010486803451124455 => 0
0,010487542933689552 => 0
0,010480017585208147 => 0
0,01047609489055702 => 0
0,010472207253922228 => 0
0,010468509193768972 => 0
0,01046455241344571 => 0
0,010460974947547068 => 0
0,010456896751533098 => 0
0,010453339255507267 => 0
0,010449768363542267 => 0
0,010446073220156397 => 0
0,010442156467751276 => 0
0,010438324271641401 => 0
0,010435155772326225 => 0
0,010430978607671264 => 0
0,010428341509986073 => 0
0,010423806186397277 => 0
0,010419494028495905 => 0
0,010416610432097642 => 0
0,010412604791657318 => 0
0,010403985009595954 => 0
0,010405953705522407 => 0
0,010401077488406466 => 0
0,01039816383526549 => 0
0,010394134505966986 => 0
0,010390875269594665 => 0
0,010387466730412881 => 0
0,010383032944324994 => 0
0,01038011056082925 => 0
0,01037643586087369 => 0
0,010372087136363763 => 0
0,010369169840800201 => 0
0,010364914353110736 => 0
0,010361031580334003 => 0
0,010359758622497052 => 0
0,010353397735245955 => 0
0,010350306595932965 => 0
0,010346616075410384 => 0
0,010343311383964828 => 0
0,010340219736302994 => 0
0,010335699578631929 => 0
0,010332328700850664 => 0
0,010328711489151519 => 0
0,010326001608883528 => 0
0,01032090637364682 => 0
0,010318271071779668 => 0
0,010314994421156413 => 0
0,01031129015642614 => 0
0,010307678428458866 => 0
0,010303557429045537 => 0
0,010299838192241803 => 0
0,010296890579580206 => 0
0,010295311024058505 => 0
0,010289188577421154 => 0
0,01028551761579658 => 0
0,01028214821895551 => 0
0,010278784431732546 => 0
0,010276264492858726 => 0
0,010271735185113522 => 0
0,010267561601025349 => 0
0,010264932356497843 => 0
0,010261495255239816 => 0
0,010257855865157685 => 0
0,010253889627789616 => 0
0,01025110295758448 => 0
0,010246859959299671 => 0
0,010243916785136508 => 0
0,01023916075554098 => 0
0,010236485704823094 => 0
0,010232953226052523 => 0
0,010229670729678949 => 0
0,010226033686085887 => 0
0,010048041536575316 => 0
0,010219429128904937 => 0
0,01021553718951421 => 0
0,010214221098124057 => 0
0,010208880446957258 => 0
0,010205276350767973 => 0
0,010200713219997447 => 0
0,01019885486380788 => 0
0,01019566592693171 => 0
0,010191149227696572 => 0
0,010188284375084268 => 0
0,010184349195175928 => 0
0,0101813479250197 => 0
0,010177468986104854 => 0
0,010174444875595162 => 0
0,01017128045773927 => 0
0,010166975124726765 => 0
0,010163618532835969 => 0
0,01016028317051609 => 0
0,010157019764427138 => 0
0,010153429811155433 => 0
0,010150291911108293 => 0
0,010146911093160186 => 0
0,010143362028550257 => 0
0,010140208231641733 => 0
0,010137006470570803 => 0
0,010133733271417441 => 0
0,010129840060435063 => 0
0,010126929124982077 => 0
0,010123008633288778 => 0
0,010119532470998284 => 0
0,01011773602910261 => 0
0,010114846630936411 => 0
0,010109522762573873 => 0
0,010104959544226109 => 0
0,01010284323457776 => 0
0,010099524345601433 => 0
0,01009624930584675 => 0
0,010093419944082473 => 0
0,01008952884475454 => 0
0,010088293881933979 => 0
0,010082382630778668 => 0
0,010080553974829298 => 0
0,010076504296109469 => 0
0,010072219356455196 => 0
0,01007029612066999 => 0
0,010065992008831688 => 0
0,010062469715444992 => 0
0,010059173567833223 => 0
0,010056062051014362 => 0
0,010052590101126234 => 0
0,010049302022177013 => 0
0,01004620213125103 => 0
0,010042700654440025 => 0
0,01003899185937184 => 0
0,010035742412083755 => 0
0,010032969464263785 => 0
0,010029636079014451 => 0
0,010026946870057599 => 0
0,010022904474923554 => 0
0,010020554947836924 => 0
0,010016552222176548 => 0
0,010013020282351615 => 0
0,010009711000741793 => 0
0,010006431846685024 => 0
0,010003517852068189 => 0
0,010001072097102092 => 0
0,009996641664974026 => 0
0,00999314601977415 => 0
0,009990003686278568 => 0
0,009987411298821159 => 0
0,009983020558179012 => 0
0,00998009672788011 => 0
0,009977036055368278 => 0
0,009948111835501932 => 0
0,009970676428143851 => 0
0,009967187599599386 => 0
0,009964644825131116 => 0
0,009960787094053175 => 0
0,009957977457254793 => 0
0,009954589570968357 => 0
0,00995238571536011 => 0
0,009948108147424353 => 0
0,009945127523340222 => 0
0,009941994213304075 => 0
0,009938962120462752 => 0
0,00993623778901923 => 0
0,00993193096108092 => 0
0,0099195269153577 => 0
0,009925486242359508 => 0
0,0099227628849615 => 0
0,009921540282254573 => 0
0,009916376635950666 => 0
0,009912766835662008 => 0
0,00991066357927225 => 0
0,009907503565646947 => 0
0,009903438178434268 => 0
0,009899994492112473 => 0
0,009900052012258095 => 0
0,009893872534920899 => 0
0,009890648324073305 => 0
0,009888276264120591 => 0
0,009884904064635554 => 0
0,009881335448209223 => 0
0,009878005049351808 => 0
0,009874906723062321 => 0
0,009871905703221585 => 0
0,00986884165094347 => 0
0,009865811699838434 => 0
0,009862549488695634 => 0
0,009859163968855547 => 0
0,009856145416417083 => 0
0,009853283542042261 => 0
0,009850195485746005 => 0
0,009846845409414962 => 0
0,009843920428406372 => 0
0,009841211265653942 => 0
0,009837884204298703 => 0
0,009838331751002601 => 0
0,009831495786697597 => 0
0,009826853277190739 => 0
0,009825033333124183 => 0
0,009822488983760008 => 0
0,009818507861314147 => 0
0,009816272443265456 => 0
0,009812649694390847 => 0
0,009810535685564068 => 0
0,009806158801887526 => 0
0,009803652236930386 => 0
0,009800259814135617 => 0
0,009797055734900228 => 0
0,00979403632819252 => 0
0,009791022112593662 => 0
0,009787977583130695 => 0
0,009785641109714709 => 0
0,009781380489617098 => 0
0,009778838606721841 => 0
0,009750595227749329 => 0
0,009772899525221625 => 0
0,00976944708228684 => 0
0,009766744469620257 => 0
0,009763353653028052 => 0
0,00976092355433886 => 0
0,00975791804204578 => 0
0,009753787095006518 => 0
0,00975228320283205 => 0
0,009749081131439134 => 0
0,009746127893400226 => 0
0,009743103544408488 => 0
0,009740976329112147 => 0
0,009736572644472224 => 0
0,00973382471753356 => 0
0,009730553613875927 => 0
0,00972747815413761 => 0
0,009724884855408414 => 0
0,009721213216790793 => 0
0,009718821490399912 => 0
0,009716445206886857 => 0
0,009713246112732563 => 0
0,009709295366564868 => 0
0,009706520337892677 => 0
0,00970339984764814 => 0
0,009700466864945861 => 0
0,009697779067826349 => 0
0,009694444593258234 => 0
0,009691732602028177 => 0
0,009688521562925653 => 0
0,009686337425182916 => 0
0,009682369181758643 => 0
0,009679202882721385 => 0
0,009676763008120407 => 0
0,009673283841467609 => 0
0,0096709287636756 => 0
0,009667974072899821 => 0
0,009665453648584068 => 0
0,009663619584153155 => 0
0,009658828417495284 => 0
0,009657214526856306 => 0
0,009652891588526634 => 0
0,009640876297895937 => 0
0,009647382480741736 => 0
0,009644388713047632 => 0
0,009641071487647755 => 0
0,009639012847345854 => 0
0,009636165421557373 => 0
0,00963251271618813 => 0
0,00963027365191445 => 0
0,00962645647541174 => 0
0,009623349611090896 => 0
0,009620624962047127 => 0
0,009617743870541052 => 0
0,009614778357137513 => 0
0,009611823864579204 => 0
0,009609127102913373 => 0
0,009606262461845502 => 0
0,009603461417592045 => 0
0,009601750628039247 => 0
0,009597710594871299 => 0
0,009594934163736168 => 0
0,00959204620483483 => 0
0,009589399515214259 => 0
0,009585227936431268 => 0
0,009582197621516146 => 0
0,009579383673436713 => 0
0,009577110718107934 => 0
0,009574362029757505 => 0
0,009572190776861726 => 0
0,009570390986708461 => 0
0,009566508760959946 => 0
0,00956263811910657 => 0
0,009560757079804708 => 0
0,009556202842768 => 0
0,00955441358276544 => 0
0,00955274720956415 => 0
0,00954975350334412 => 0
0,009545705888496655 => 0
0,009543367256347787 => 0
0,009540175095736644 => 0
0,009537345855121362 => 0
0,009534396902953525 => 0
0,009531820112287755 => 0
0,00952873929515471 => 0
0,009526633129971545 => 0
0,009523444784042503 => 0
0,00952219402520391 => 0
0,009517744328310117 => 0
0,009515223284929769 => 0
0,009512034069663819 => 0
0,009509207122741685 => 0
0,009506421733487936 => 0
0,00950356510770246 => 0
0,00950059459695478 => 0
0,009498767775243475 => 0
0,009495167014725721 => 0
0,009492094961443811 => 0
0,009490045224212214 => 0
0,00948772096592708 => 0
0,009483764457749781 => 0
0,009481860733146096 => 0
0,009478196490978703 => 0
0,009475501590877553 => 0
0,009472789130630127 => 0
0,009471118670199938 => 0
0,009467559682355253 => 0
0,00946437116054972 => 0
0,009461681649677449 => 0
0,009459020786601621 => 0
0,009456028535161932 => 0
0,009453002284252672 => 0
0,009450456015461848 => 0
0,009447824679705862 => 0
0,009445518293989793 => 0
0,009443069619117946 => 0
0,009439942980768144 => 0
0,00943668738673415 => 0
0,009434036274569107 => 0
0,009431617529472731 => 0
0,009428554366447224 => 0
0,009425928679730394 => 0
0,009423015857890614 => 0
0,009420409546215786 => 0
0,009417548118693246 => 0
0,00941529105493621 => 0
0,009412707529765417 => 0
0,009410837548753255 => 0
0,009403670830815891 => 0
0,009400937399263566 => 0
0,009401324332646505 => 0
0,00939912758746824 => 0
0,009395876357140617 => 0
0,009393572582214519 => 0
0,009390641721427543 => 0
0,009387596505484265 => 0
0,009384843484249221 => 0
0,009382277547748044 => 0
0,009379473020047756 => 0
0,00937685398565168 => 0
0,009374181366801123 => 0
0,009374165280371192 => 0
0,009368761816437534 => 0
0,009366767924671697 => 0
0,009363465217211587 => 0
0,009363456297868533 => 0
0,009358356018552479 => 0
0,00935532295207195 => 0
0,009352637008714184 => 0
0,009350631226594465 => 0
0,009347205715008132 => 0
0,009344686292331978 => 0
0,009342108052627996 => 0
0,00933998327124094 => 0
0,009336670406654188 => 0
0,009334428809669556 => 0
0,009325048959155417 => 0
0,009328834540161849 => 0
0,009325966194747376 => 0
0,009323343836074307 => 0
0,009322311777146803 => 0
0,009318073890758543 => 0
0,009316157280558061 => 0
0,009312569655283489 => 0
0,00931087716998108 => 0
0,009307505966934452 => 0
0,009304965432491182 => 0
0,009302510601177037 => 0
0,00929976783042082 => 0
0,009296078885207903 => 0
0,009294292304967871 => 0
0,009292364354343932 => 0
0,009289560712593438 => 0
0,009287121914903664 => 0
0,009284201868323058 => 0
0,009281390426988 => 0
0,009278723725332077 => 0
0,00927652934123935 => 0
0,009272629915975104 => 0
0,009271264368198582 => 0
0,009268907599398583 => 0
0,009265649345396528 => 0
0,009263869121295535 => 0
0,00926069323255286 => 0
0,009257881935804525 => 0
0,009255265206651719 => 0
0,009252765739749844 => 0
0,009252551404740607 => 0
0,009248112464331371 => 0
0,009244948406735542 => 0
0,009242278630567235 => 0
0,009240153096953845 => 0
0,0092375930195148 => 0
0,009235016337389051 => 0
0,009231936085808332 => 0
0,009230711509650774 => 0
0,009227410877436462 => 0
0,009224438260340091 => 0
0,009221955121260205 => 0
0,009219110726860697 => 0
0,009216602960706519 => 0
0,009215525624463601 => 0
0,00921150414326553 => 0
0,009208731398272451 => 0
0,009206312319555956 => 0
0,009203705548000821 => 0
0,009201242229725126 => 0
0,00919909920195315 => 0
0,009196548602758535 => 0
0,009193655292019057 => 0
0,009192062591027733 => 0
0,009189401238140242 => 0
0,009186164185847305 => 0
0,009184702010524251 => 0
0,009181124006319189 => 0
0,009178191918385587 => 0
0,0091767402734496 => 0
0,009173278315569786 => 0
0,009171970702525695 => 0
0,009169386873840875 => 0
0,009166112038439238 => 0
0,009163246047062852 => 0
0,009160958212688208 => 0
0,009159206434053964 => 0
0,009154570632022824 => 0
0,009153319890056423 => 0
0,009151635144460636 => 0
0,009148595485018524 => 0
0,009145769312005819 => 0
0,009142878792289809 => 0
0,009141803683070753 => 0
0,009138272235196582 => 0
0,009136655923408616 => 0
0,0091342761625017 => 0
0,00913074547576166 => 0
0,009128186039514999 => 0
0,009125789207947512 => 0
0,009123267065910575 => 0
0,009121261834825029 => 0
0,009118289030197475 => 0
0,009116436358856847 => 0
0,009113533171013242 => 0
0,00911090769934635 => 0
0,009108597433823269 => 0
0,009106028063930346 => 0
0,009103526197685423 => 0
0,009101017026637983 => 0
0,009099192417837134 => 0
0,009096612961463447 => 0
0,009093794140719926 => 0
0,00909179223074289 => 0
0,009089197008820023 => 0
0,009086293704865678 => 0
0,009083823970037569 => 0
0,009081373562282238 => 0
0,009078851196207632 => 0
0,009077033074354335 => 0
0,00907390143887435 => 0
0,009071810216850272 => 0
0,009069404294263146 => 0
0,009058572631769487 => 0
0,009061059068021316 => 0
0,009061875022521593 => 0
0,00905980711867293 => 0
0,009056932791416741 => 0
0,009054966716914657 => 0
0,009052906065261452 => 0
0,009049535186132761 => 0
0,009047801323898317 => 0
0,009045089896323556 => 0
0,009042381214629948 => 0
0,00903980870750985 => 0
0,00903832406131556 => 0
0,00903503644453823 => 1
0,009303481265947808 => 1
0,00958875715475856 => 1
0,009891779416568033 => 1
0,01021135473202543 => 1
0,010553223635715182 => 1
0,01092286049107499 => 1
0,011309914703007545 => 1
0,011730872774001574 => 1
0,012180065434405711 => 1
0,012667124678104224 => 1
0,0131927237609916 => 1
0,013761786095141781 => 1
0,01437941710338408 => 1
0,015051255482579833 => 1
0,01579367814537624 => 1
0,01660095065032553 => 1
0,017497473584467918 => 1
0,018491769566968727 => 1
0,01960609748712065 => 1
0,020877800148076466 => 1
0,022556045595417885 => 1
0,03977757725636173 => 1
0,0439684927263532 => 1
0,049044537792441376 => 1
0,05528736658142564 => 1
0,06310971503630809 => 1
0,07311416497980074 => 1
0,08622028296561945 => 1
0,10381597476445839 => 1
0,12809899956764065 => 1
0,16262151959510288 => 1
0,21158429461394856 => 1
0,2807692996238052 => 1
0,3713282735045734 => 1
0,4729761068340453 => 1
0,566167228857455 => 1
0,638754637209594 => 1
0,6918173387133358 => 1
0,730162139379627 => 1
0,7590125711092159 => 1
0,7812528749707593 => 1
0,7989122242222312 => 1
0,8132948057555437 => 1
0,8257860033283947 => 1
0,8353209391643298 => 1
0,8442624392820943 => 1
0,851548634185466 => 1
0,8660635730368796 => 1
0,9615797381787002 => 1
0,9617788935390712 => 1
0,9619742106969993 => 1
0,9621674700302013 => 1
0,9623637079370849 => 1
0,9625672269283487 => 1
0,9627420918068063 => 1
0,9629120709868928 => 1
0,9630927461521023 => 1
0,9632671108181499 => 1
0,9634542935508023 => 1
0,9636186401253379 => 1
0,963795799910345 => 1
0,9639499703181689 => 1
0,9641286874081338 => 1
0,9642802439062708 => 1
0,9644492440223508 => 1
0,964628690105183 => 1
0,9647543093558508 => 1
0,9649088432580175 => 1
0,9650609482849591 => 1
0,9652117301076147 => 1
0,9653607131414581 => 1
0,9655128244648388 => 1
0,9656524075942278 => 1
0,9657971419590969 => 1
0,9659389110914399 => 1
0,9661423579845841 => 1
0,9662147346690697 => 1
0,9663563948445226 => 1
0,9664857649699774 => 1
0,9666291930542232 => 1
0,9667512071884263 => 1
0,966882033151024 => 1
0,9670100606420047 => 1
0,9671429794433298 => 1
0,9672690625029515 => 1
0,9674148730220117 => 1
0,9676401596736348 => 1
0,9676338363772813 => 1
0,9677509814073518 => 1
0,9678711093750971 => 1
0,9680039707726554 => 1
0,9681586838391468 => 1
0,9682212148106899 => 1
0,9683494760304444 => 1
0,9684813761902431 => 1
0,9685717728388924 => 1
0,9686684839995267 => 1
0,9687924902006094 => 1
0,9688886964912646 => 1
0,9690007448091525 => 1
0,9691021151944155 => 1
0,9693498360984625 => 1
0,9693093392214241 => 1
0,9694181713966302 => 1
0,9695184933712228 => 1
0,9696154830442163 => 1
0,969720087125467 => 1
0,9698146804978898 => 1
0,9699136211257925 => 1
0,970010172861703 => 1
0,9701069698588458 => 1
0,970202263997839 => 1
0,9703114623191688 => 1
0,97038959718112 => 1
0,9704822543970679 => 1
0,9705741105108291 => 1
0,9706810867531874 => 1
0,9707711335630989 => 1
0,9708816534900898 => 1
0,9709713834009823 => 1
0,9710214922086482 => 1
0,9711128189933931 => 1
0,9712131818546021 => 1
0,9712961932897698 => 1
0,9713649572294333 => 1
0,9714492811350262 => 1
0,9715343877236392 => 1
0,9716164080074242 => 1
0,9717022416752952 => 1
0,9717776428156644 => 1
0,9718586995182342 => 1
0,9719379586120539 => 1
0,9720194660500254 => 1
0,9721018439819185 => 1
0,972173354490471 => 1
0,9722518646267385 => 1
0,9723311641446001 => 1
0,9724039991008158 => 1
0,9724796354063768 => 1
0,9725559551967489 => 1
0,9726346160113243 => 1
0,972762197209915 => 1
0,972782320788626 => 1
0,9728834985332867 => 1
0,9729191386234634 => 1
0,9729895424520199 => 1
0,9730642867902769 => 1
0,9731687749917466 => 1
0,9732063706302954 => 1
0,9732708636858768 => 1
0,973338713969987 => 1
0,9734251125294551 => 1
0,973474882245155 => 1
0,9735419063641956 => 1
0,9736162308111823 => 1
0,973677822039708 => 1
0,9737718842495812 => 1
0,9738057576552781 => 1
0,9738706340663402 => 1
0,9739350334427971 => 1
0,9740102097500435 => 1
0,9740688074486589 => 1
0,974124141028548 => 1
0,9741917492969595 => 1
0,9742487590114954 => 1
0,9743104633547265 => 1
0,974388731975278 => 1
0,9744314731263272 => 1
0,9744922923664702 => 1
0,9745519589557767 => 1
0,9746109402264639 => 1
0,9746777208959395 => 1
0,9747288861256957 => 1
0,9748195389066278 => 1
0,9748448437300867 => 1
0,9749159698869202 => 1
0,982046946974421 => 1
0,9749891139384923 => 1
0,9750536011479682 => 1
0,9751206388414514 => 1
0,9751562939775199 => 1
0,9752124356798649 => 1
0,975267585103866 => 1
0,9753595077925133 => 1
0,9753757564098403 => 1
0,9754292407306546 => 1
0,9754909103976961 => 1
0,9755396709814056 => 1
0,9755894719230547 => 1
0,9756420393589913 => 1
0,9756951076804592 => 1
0,975763012377039 => 1
0,975797745132738 => 1
0,9758572144822371 => 1
0,9759193395469393 => 1
0,9759501947535428 => 1
0,9760157983333299 => 1
0,9760510613430542 => 1
0,9761005369993324 => 1
0,9761491139455678 => 1
0,9761981965639814 => 1
0,9762478846304876 => 1
0,9762963003263231 => 1
0,9763444143612255 => 1
0,9763923885498834 => 1
0,9764595058559803 => 1
0,9765067274426305 => 1
0,9765359350118729 => 1
0,976581059029995 => 1
0,9766472273910991 => 1
0,9766819468744818 => 1
0,9767182650976343 => 1
0,976764849999634 => 1
0,9768091167432637 => 1
0,97685517226079 => 1
0,9769209531858697 => 1
0,97694478692087 => 1
0,9769935547327856 => 1
0,9820780735829966 => 1
0,9770655827363693 => 1
0,9771066922135809 => 1
0,9771585992184458 => 1
0,9771918674998344 => 1
0,9772343299258974 => 1
0,9772879706063817 => 1
0,9773209039241961 => 1
0,9773631334056011 => 1
0,9774111047366725 => 1
0,977447230076895 => 1
0,9775036550587521 => 1
0,9775299154167194 => 1
0,9775727116266264 => 1
0,9776190006569846 => 1
0,9776530102457099 => 1
0,9777031490672284 => 1
0,9777337225789955 => 1
0,9778039292649034 => 1
0,9778142090986047 => 1
0,9779442816291661 => 1
0,9779149682168927 => 1
0,9779660391314653 => 1
0,9779704580954267 => 1
0,9780114673843385 => 1
0,9780695669413598 => 1
0,9780867651882384 => 1
0,9781243207414687 => 1
0,9781852684067533 => 1
0,9782083139997908 => 1
0,9782393248737322 => 1
0,97831404248281 => 1
0,978313769112607 => 1
0,9783497837300947 => 1
0,9784580932966296 => 1
0,9784294615923914 => 1
0,9784819086638425 => 1
0,9848663574838633 => 1
0,9785149117482265 => 1
0,9785639823060757 => 1
0,9785882752050122 => 1
0,9786231830524661 => 1
0,9786597671912336 => 1
0,9786940247038667 => 1
0,9787374086916002 => 1
0,9787620636278492 => 1
0,9787988732923055 => 1
0,9788420825723355 => 1
0,9788650667739552 => 1
0,9789461737007031 => 1
0,9789359063660632 => 1
0,9789690699428909 => 1
0,979002213170502 => 1
0,9790385721753057 => 1
0,9790705038380182 => 1
0,979104708818281 => 1
0,9791365985089507 => 1
0,9791758901318699 => 1
0,9792106684713646 => 1
0,9792828494081879 => 1
0,9792787251811474 => 1
0,9793004833456458 => 1
0,9793347180206396 => 1
0,9793671907922787 => 1
0,9857292168411602 => 1
0,9794185513753191 => 1
0,9794443928922679 => 1
0,9794794994556215 => 1
0,9795087521851928 => 1
0,9795458422407012 => 1
0,9795701651285736 => 1
0,9796103187997175 => 1
0,9796438929387078 => 1
0,9796571503716843 => 1
0,9857144422845218 => 1
0,979735318571705 => 1
0,9797453720418424 => 1
0,9797797233183133 => 1
0,9798522530276318 => 1
0,9798300249218402 => 1
0,9798610478146849 => 1
0,9798907389996635 => 1
0,979919465595374 => 1
0,9799509584385585 => 1
0,9799918853040167 => 1
0,9800077029093951 => 1
0,9800608174515423 => 1
0,9831213597356836 => 1
0,9800936254912672 => 1
0,980137355175158 => 1
0,9801607131318977 => 1
0,980213164366328 => 1
0,9802361498354202 => 1
0,9802422564921849 => 1
0,9803126408569406 => 1
0,9803012873315908 => 1
0,9803282786650195 => 1
0,9803856046985989 => 1
0,9803926143871301 => 1
0,9804206563314848 => 1
0,9804524409176663 => 1
0,980471646007917 => 1
0,9804939564465174 => 1
0,9805190805618983 => 1
0,9805429073150552 => 1
0,9805958179470007 => 1
0,9805993077619344 => 1
0,9806463204897816 => 1
0,9806656141126079 => 1
0,9806686169810785 => 1
0,9807149758631419 => 1
0,9807278301290766 => 1
0,9807741198030956 => 1
0,9808104260915536 => 1
0,9808095920858306 => 1
0,9808367324102529 => 1
0,9808628067149593 => 1
0,9844695808311618 => 1
0,9810929155435933 => 1
0,981017331852369 => 1
0,98109395751826 => 1
0,9810458907647618 => 1
0,9810924105683054 => 1
0,9810938129427826 => 1
0,981217948296332 => 1
0,9811965192743005 => 1
0,9812811644243752 => 1
0,9812023271001589 => 1
0,9812623593090112 => 1
0,9813377097550232 => 1
0,9815093938694407 => 1
0,9814956707336576 => 1
0,981509105404398 => 1
0,9814874314674148 => 1
0,9819641987522427 => 1
0,9824682400293242 => 1
0,9826827350085111 => 1
0,9834792743136218 => 1
0,9873588034451556 => 1
0,9859620373466259 => 1
0,9854664225732325 => 1
0,987027409820793 => 1
0,9870714309731848 => 1
0,9871148163203075 => 1
0,9872339820723289 => 1
0,9873716913922685 => 1
0,9872883229839493 => 1
0,9870373185821018 => 1
0,987431841110835 => 1
0,9873201893238819 => 1
0,9873791074011925 => 1
0,9875237826482781 => 1
0,9875105430417617 => 1
0,9874743338250612 => 1
0,9875122277856697 => 1
0,9875579648799532 => 1
0,9873754974269853 => 1
0,9875730742499642 => 1
0,9875908702404348 => 1
0,9874209115118565 => 1
0,9876242382692035 => 1
0,9876079334587623 => 1
0,9876644184544364 => 1
0,9875715548670704 => 1
0,9876351103018584 => 1
0,9876234572842786 => 1
0,9876344685800879 => 1
0,9876527821526713 => 1
0,9876664339494626 => 1
0,9876955995997501 => 1
0,987650481483534 => 1
0,9875804340573748 => 1
0,9877191117505605 => 1
0,9876585573347794 => 1
0,9877487706453069 => 1
0,9876864678606816 => 1
0,9877258750910426 => 1
0,9878051941861974 => 1
0,9878223422310572 => 1
0,9877652441801004 => 1
0,9877959371970536 => 1
0,9877563314114141 => 1
0,9878033079948055 => 1
0,9877806317584129 => 1
0,9877345520241251 => 1
0,9877902240817347 => 1
0,9878496164801004 => 1
0,9878059046857718 => 1
0,9878437768247672 => 1
0,9878130006305313 => 1
0,9878425208121507 => 1
0,9878459848920074 => 1
0,9878825526059052 => 1
0,987903187778611 => 1
0,9878505453844101 => 1
0,9878991314382523 => 1
0,9879054894716827 => 1
0,9878921708447868 => 1
0,9879395707591611 => 1
0,9879005707247077 => 1
0,987932757916385 => 1
0,9879083237454879 => 1
0,9879035086958832 => 1
0,9879755788288493 => 1
0,9879377428110175 => 1
0,9879925031615021 => 1
0,988001609909867 => 1
0,9880085961253701 => 1
0,9879995986884039 => 1
0,9880176706102826 => 1
0,9879623044069753 => 1
0,9880318772917295 => 1
0,9880263457830603 => 1
0,9880151983865681 => 1
0,9880980817131053 => 1
0,9880457459302114 => 1
0,9880407388782065 => 1
0,9880663199348153 => 1
0,9880709038899413 => 1
0,9880847470723044 => 1
0,9880777322363994 => 1
0,9880850532008867 => 1
0,9880943971066536 => 1
0,9881406219771658 => 1
0,9880986623880713 => 1
0,9880935838951734 => 1
0,9881242555073052 => 1
0,988128000478895 => 1
0,9881381982795556 => 1
0,9881454517758271 => 1
0,9881568165790457 => 1
0,9881313900457241 => 1
0,9881661812222905 => 1
0,9881434914190222 => 1
0,9881883591369732 => 1
0,9882031920478681 => 1
0,9881738767023873 => 1
0,9882538547242888 => 1
0,9881938054260837 => 1
0,9882299755706473 => 1
0,9882359444589829 => 1
0,9882653484101059 => 1
0,9882290750046392 => 1
0,9882502352202686 => 1
0,988252868344509 => 1
0,988247383002792 => 1
0,988264015839004 => 1
0,988262246723196 => 1
0,9882560042499635 => 1
0,9882674456472067 => 1
0,9882950467964906 => 1
0,9882941138417651 => 1
0,9883231685270221 => 1
0,9882969259963857 => 1
0,9883291916733064 => 1
0,9883198033470453 => 1
0,988312489066619 => 1
0,9883384501973255 => 1
0,9883413937365698 => 1
0,9884057523717448 => 1
0,988360153933151 => 1
0,98836538231252 => 1
0,9883803354364887 => 1
0,9883875110075593 => 1
0,9883807605967968 => 1
0,9884154951032674 => 1
0,9884059893566656 => 1
0,9884405411514484 => 1
0,9884243227427186 => 1
0,9884014751713688 => 1
0,9884229722935229 => 1
0,9884056995685031 => 1
0,9884392975915186 => 1
0,9884436676208055 => 1
0,9885004141516218 => 1
0,9884602250979737 => 1
0,988459845461369 => 1
0,9884680502257539 => 1
0,9885134355798442 => 1
0,9884846056926793 => 1
0,988478522029103 => 1
0,9884670324527275 => 1
0,9885390756189533 => 1
0,9885133334212395 => 1
0,9885110894372764 => 1
0,9885003022766804 => 1
0,9885281552016499 => 1
0,9885279536257028 => 1
0,9885418118360035 => 1
0,9885212909825063 => 1
0,9885384229693107 => 1
0,9885606333280831 => 1
0,9885769362878942 => 1
0,9885689526515722 => 1
0,988581795457599 => 1
0,9886221236329875 => 1
0,9885864272581355 => 1
0,9885852880385989 => 1
0,9886108945299376 => 1
0,9886457997149886 => 1
0,9886111770197022 => 1
0,9886183533593108 => 1
0,9886655120196152 => 1
0,9886568191146092 => 1
0,9886405981284389 => 1
0,988642221276283 => 1
0,9886367825542522 => 1
0,9886526231094901 => 1
0,9886617854488606 => 1
0,9886746450847085 => 1
0,9886889680940197 => 1
0,9886842007709239 => 1
0,9886877335958377 => 1
0,9886980273070637 => 1
0,9886983569480003 => 1
0,9887235305738371 => 1
0,9887098583137739 => 1
0,9887365795773553 => 1
0,9887319527774872 => 1
0,9887349666335534 => 1
0,988739809691622 => 1
0,9887518308238767 => 1
0,9887504835696874 => 1
0,988751640481962 => 1
0,9887635832058309 => 1
0,9887800783577153 => 1
0,988750368578462 => 1
0,9887803278539908 => 1
0,9887824835214026 => 1
0,9887884620203478 => 1
0,9888100957186599 => 1
0,9888059508535302 => 1
0,9888421073594289 => 1
0,9888429073981797 => 1
0,9888227974007298 => 1
0,9888741055213951 => 1
0,9888384726841187 => 1
0,988839560620212 => 1
0,9888452689614896 => 1
0,9888449092848873 => 1
0,988876522730213 => 1
0,9888588247570193 => 1
0,9888786324812595 => 1
0,9888788388352892 => 1
0,9888964334496213 => 1
0,9888853907431786 => 1
0,9888969017686435 => 1
0,9888749841989671 => 1
0,9889101529847086 => 1
0,98890747200622 => 1
0,988918575885743 => 1
0,9889553505248612 => 1
0,9889187771367214 => 1
0,9889682506888425 => 1
0,9889347247725139 => 1
0,9889314328088994 => 1
0,9889462193759715 => 1
0,9889462920966569 => 1
0,9889822610327474 => 1
0,9889772228146944 => 1
0,9889694064697989 => 1
0,988987136747736 => 1
0,9889789750749332 => 1
0,988998897608839 => 1
0,9889940975668313 => 1
0,988979211013199 => 1
0,989015745134386 => 1
0,9890122396100847 => 1
0,989006270724359 => 1
0,9890303415322911 => 1
0,9890319651909065 => 1
0,9890468761879236 => 1
0,9890923632884365 => 1
0,989039655097709 => 1
0,9890532829054873 => 1
0,9890510391336884 => 1
0,9890828038065335 => 1
0,989088293695047 => 1
0,9890693355563341 => 1
0,9890994875432132 => 1
0,9891193454794223 => 1
0,9890836299954741 => 1
0,9890918882827043 => 1
0,9891152423120357 => 1
0,9891149172708531 => 1
0,9891084845125803 => 1
0,9891136447762572 => 1
0,9891293044484772 => 1
0,9891196859463673 => 1
0,9891306847310866 => 1
0,9891471417480265 => 1
0,98916488734484 => 1
0,989169949757438 => 1
0,9891839670901356 => 1
0,989157607163042 => 1
0,9891866159954551 => 1
0,9891917813215636 => 1
0,9891726600682953 => 1
0,9892025751533631 => 1
0,9892209537186537 => 1
0,9891870150383357 => 1
0,9892074307537881 => 1
0,9891866169152583 => 1
0,9891981519571998 => 1
0,9892092573446855 => 1
0,9892150755693347 => 1
0,9892085574826882 => 1
0,9892091442977374 => 1
0,9892287683195681 => 1
0,9892632535119006 => 1
0,9892420462400393 => 1
0,9892421912701055 => 1
0,9892584876421714 => 1
0,9892950163175972 => 1
0,989266096920937 => 1
0,9892592161830454 => 1
0,9892702591182425 => 1
0,9892742585420481 => 1
0,9892892415933758 => 1
0,9892749869422692 => 1
0,9893013031576818 => 1
0,9892981626489625 => 1
0,9893009269657961 => 1
0,9893335448522796 => 1
0,989303930165404 => 1
0,9893439674680669 => 1
0,9893277754031057 => 1
0,9893642636835668 => 1
0,9893470565499584 => 1
0,9893264773608325 => 1
0,9893398132709088 => 1
0,9894015221560628 => 1
0,9893455163021787 => 1
0,9893472574388114 => 1
0,9893791743606358 => 1
0,9894026669132002 => 1
0,989393756388664 => 1
0,9893934958719782 => 1
0,9893833738761652 => 1
0,9893852230492456 => 1
0,9894304010462334 => 1
0,9893985297645854 => 1
0,9893966941227619 => 1
0,9894025048942788 => 1
0,9894156360094596 => 1
0,989421034039317 => 1
0,989417258791923 => 1
0,9894274219102733 => 1
0,9894338447116996 => 1
0,9894406757861813 => 1
0,9894657051948651 => 1
0,9894507352590912 => 1
0,989452217130146 => 1
0,989449556832105 => 1
0,9894652159201304 => 1
0,9894824906312857 => 1
0,9894877978511813 => 1
0,9894779013910731 => 1
0,9894921022617134 => 1
0,9894893147786324 => 1
0,9895182180755405 => 1
0,9894962417379843 => 1
0,9894996222449901 => 1
0,9895089371715909 => 1
0,9895126206850162 => 1
0,9895089556101728 => 1
0,9895190162039549 => 1
0,9895226864040458 => 1
0,989527653306197 => 1
0,9895457899126894 => 1
0,9895451193005598 => 1
0,9895430120890415 => 1
0,9895895413795132 => 1
0,9895560900746339 => 1
0,9895533118760149 => 1
0,9895628731583848 => 1
0,989564866660243 => 1
0,9895885982928466 => 1
0,9895942419343875 => 1
0,989575706326431 => 1
0,9895835537289162 => 1
0,9895934992004846 => 1
0,9895922541925156 => 1
0,9896152549346268 => 1
0,9896034815038426 => 1
0,9896252656316505 => 1
0,9896545858330325 => 1
0,9896231281558369 => 1
0,9896461170329137 => 1
0,9896685538111423 => 1
0,9896837349681342 => 1
0,9896207174178088 => 1
0,9896831381223888 => 1
0,9896390310406045 => 1
0,989649153755579 => 1
0,9896781850385621 => 1
0,9896818024203079 => 1
0,9896855512457213 => 1
0,989669059839693 => 1
0,9896736581083516 => 1
0,9896959820303967 => 1
0,9897077453320285 => 1
0,9897097574369524 => 1
0,9896916470658077 => 1
0,9897268710002374 => 1
0,9897114620323744 => 1
0,9897103547392929 => 1
0,9897133563021148 => 1
0,9897264273317491 => 1
0,9897481181416119 => 1
0,9897296352934754 => 1
0,9897272918048019 => 1
0,9897371584468467 => 1
0,9897404930192085 => 1
0,9897485776325454 => 1
0,989752400143474 => 1
0,9897677331737078 => 1
0,9897574288285215 => 1
0,989765323997196 => 1
0,9897867621953574 => 1
0,9897699666163383 => 1
0,9897761158635847 => 1
0,9897957333533525 => 1
0,9897877032712438 => 1
0,9897990964525141 => 1
0,9897884677080467 => 1
0,9898248906800772 => 1
0,9898053386279472 => 1
0,9898468392904698 => 1
0,9898107507705599 => 1
0,9898284529105605 => 1
0,9898195863630396 => 1
0,9898217164766298 => 1
0,9898442944140713 => 1
0,98983617358658 => 1
0,9898408571638888 => 1
0,9898421775082427 => 1
0,9898486383176932 => 1
0,9898526520337899 => 1
0,9898824635114174 => 1
0,9898534348887531 => 1
0,9898576855336665 => 1
0,9898659573469291 => 1
0,9898754025609634 => 1
0,9899164797290437 => 1
0,989897975995478 => 1
0,9899255790809702 => 1
0,9899388924937419 => 1
0,989918218481961 => 1
0,9899275092001164 => 1
0,9899438961037448 => 1
0,9899353677676734 => 1
0,9899012131818966 => 1
0,9899158749914692 => 1
0,9899169115525631 => 1
0,9899197469162804 => 1
0,9899420377067648 => 1
0,9899582274357561 => 1
0,9899553455616865 => 1
0,9899414012156076 => 1
0,9899616514411378 => 1
0,9899499491456568 => 1
0,9899572818680246 => 1
0,9899578904470496 => 1
0,989977843660972 => 1
0,9899612703558115 => 1
0,9899734954098345 => 1
0,989981820965551 => 1
0,989978024063417 => 1
0,989985199900193 => 1
0,9899915149821219 => 1
0,989993613104977 => 1
0,9899975321854068 => 1
0,990007539329427 => 1
0,9900332182245359 => 1
0,990048801893221 => 1
0,99004261181167 => 1
0,9900345328497537 => 1
0,9900241322366432 => 1
0,9900263353646173 => 1
0,9900327919875374 => 1
0,9900399741956429 => 1
0,9900615868231188 => 1
0,9900718550128321 => 1
0,9900398976125725 => 1
0,9900487987959835 => 1
0,9900649439960095 => 1
0,9900738409625707 => 1
0,9901101977268847 => 1
0,9900704403493977 => 1
0,9900752602402079 => 1
0,9900753424857333 => 1
0,9900897136738342 => 1
0,9900861479758866 => 1
0,9900824402752544 => 1
0,9900953806984576 => 1
0,9900964241512751 => 1
0,9901027413674311 => 1
0,9901029547345134 => 1
0,9901373142027532 => 1
0,9901150723133006 => 1
0,9901172984581378 => 1
0,9901487885013837 => 1
0,9901259857955653 => 1
0,990132212849136 => 1
0,9901355361936293 => 1
0,9901763104794976 => 1
0,9901880985380949 => 1
0,9901730506091939 => 1
0,990162377101485 => 1
0,990154903821621 => 1
0,990158695540245 => 1
0,9901743050416746 => 1
0,9901608966524797 => 1
0,9901715495220095 => 1
0,9901738816935273 => 1
0,9901884190231605 => 1
0,9901795955305221 => 1
0,9902021313864157 => 1
0,9901937471916172 => 1
0,9901873602854955 => 1
0,9901896625285352 => 1
0,9902032647899877 => 1
0,9902340965726423 => 1
0,9902099915513863 => 1
0,9902126241891397 => 1
0,9902110084229248 => 1
0,9902223476164239 => 1
0,990233969434089 => 1
0,9902307121373358 => 1
0,9902263436855888 => 1
0,9902503340898723 => 1
0,9902357663219844 => 1
0,9902434652210494 => 1
0,9902490363512478 => 1
0,9902590907720654 => 1
0,9902575733925311 => 1
0,9902630229731467 => 1
0,9902642146086141 => 1
0,9902683316958626 => 1
0,9902667724777261 => 1
0,9902746114518086 => 1
0,9902796348105803 => 1
0,9902809973696707 => 1
0,9902879813374115 => 1
0,9903061184508396 => 1
0,9902948804134216 => 1
0,9903115509803376 => 1
0,9903240604600526 => 1
0,9903155655882491 => 1
0,9903141457517595 => 1
0,9903225242355953 => 1
0,9903256297143576 => 1
0,9903398776036634 => 1
0,9903253758810815 => 1
0,9903313735360292 => 1
0,9903201034758329 => 1
0,9903382879646552 => 1
0,9903484330644303 => 1
0,9903435701068104 => 1
0,9903474695256012 => 1
0,9903906627736002 => 1
0,9903841871267525 => 1
0,9903734509409672 => 1
0,9903589411345763 => 1
0,9903736621303384 => 1
0,990415967655846 => 1
0,990391370541158 => 1
0,9903811299128893 => 1
0,9904080592873261 => 1
0,9904230092610862 => 1
0,9903843461365242 => 1
0,990393648556898 => 1
0,9904218218157124 => 1
0,9904393763833187 => 1
0,9904051239446364 => 1
0,9904092701572469 => 1
0,9904133717082445 => 1
0,9904105096984106 => 1
0,9904574648797388 => 1
0,9904463452029375 => 1
0,9904394167226062 => 1
0,990428920929954 => 1
0,9904336877004771 => 1
0,99043539417819 => 1
0,9904429666822284 => 1
0,9904505391313368 => 1
0,9904490251675138 => 1
0,9904527297633626 => 1
0,9904578334202526 => 1
0,9904596981713644 => 1
0,990476162801274 => 1
0,9904638377804311 => 1
0,9904710695202692 => 1
0,990475037006187 => 1
0,9904714082787638 => 1
0,9905138475606203 => 1
0,9904850371908427 => 1
0,9904850018479454 => 1
0,990492534655569 => 1
0,9905243569795558 => 1
0,9905020707632499 => 1
0,9905040849591641 => 1
0,9905073424385411 => 1
0,9905105702406248 => 1
0,9905145747094002 => 1
0,9905156133340232 => 1
0,9905232161286939 => 1
0,990518776504313 => 1
0,9905286532146967 => 1
0,9905304653719181 => 1
0,9905625948078278 => 1
0,9905666286329675 => 1
0,9905470263951062 => 1
0,9905437648853753 => 1
0,9905507369960909 => 1
0,9905796664844407 => 1
0,9905553501205382 => 1
0,990555193264513 => 1
0,990564312553951 => 1
0,9905659459769496 => 1
0,99056949344949 => 1
0,9906116103790709 => 1
0,9905821850448678 => 1
0,9905719774895462 => 1
0,990586030872236 => 1
0,9905845070666293 => 1
0,9905959891294989 => 1
0,9906107354510674 => 1
0,9905926989278304 => 1
0,990619278620249 => 1
0,9905984709891213 => 1
0,9906054722443349 => 1
0,9906499177472997 => 1
0,990612016950242 => 1
0,9906196559677783 => 1
0,9906608306832044 => 1
0,9906649448341164 => 1
0,990631146174255 => 1
0,9906220691410577 => 1
0,9906497545051343 => 1
0,9906529494750511 => 1
0,9906419813589556 => 1
0,9906482129845056 => 1
0,9906517161935936 => 1
0,9906556958489082 => 1
0,9906585882577947 => 1
0,9906616314622178 => 1
0,9906646159848385 => 1
0,9906717673496203 => 1
0,9906700288144679 => 1
0,9906701872456877 => 1
0,9906765278303578 => 1
0,9906823931637709 => 1
0,990696226788661 => 1
0,9906889714391858 => 1
0,990712849977885 => 1
0,9906950362469747 => 1
0,990698983743346 => 1
0,9907126869113738 => 1
0,9907510502060302 => 1
0,9907372898222166 => 1
0,9907107410745067 => 1
0,9907173103737406 => 1
0,9907187909622619 => 1
0,9907193583798828 => 1
0,9907431623440808 => 1
0,9907285518954112 => 1
0,9907261560640686 => 1
0,9907338557323093 => 1
0,990739299995228 => 1
0,9907557561178899 => 1
0,990760645826638 => 1
0,9907441041792048 => 1
0,9907690305440742 => 1
0,9907567035808662 => 1
0,9907813211547848 => 1
0,9907546438869119 => 1
0,9907623513573717 => 1
0,9907681109528018 => 1
0,9907878451137919 => 1
0,9907749410463316 => 1
0,9907792892085736 => 1
0,9908190338670297 => 1
0,9907952755132716 => 1
0,9908248000698096 => 1
0,9908378268319395 => 1
0,9908022943153519 => 1
0,9907991562774352 => 1
0,9908127369480764 => 1
0,9908029336215363 => 1
0,9908358940447822 => 1
0,9908088324131661 => 1
0,9908312555864994 => 1
0,9908474714996129 => 1
0,9908210036764477 => 1
0,9908401947932977 => 1
0,9908548036604604 => 1
0,9908466183899011 => 1
0,9908452668619359 => 1
0,9908375374869316 => 1
0,9908396209348449 => 1
0,9908397436897671 => 1
0,9908470947799016 => 1
0,9908509979455679 => 1
0,9908598926213721 => 1
0,9908572513452844 => 1
0,9908597131644354 => 1
0,9908642729430898 => 1
0,990879665411147 => 1
0,9908713621511318 => 1
0,9908643277292719 => 1
0,9908757955513445 => 1
0,9908758011101414 => 1
0,9908961178104895 => 1
0,990898348667815 => 1
0,9908860432558234 => 1
0,9908904521710583 => 1
0,990894997978431 => 1
0,990926255846888 => 1
0,9908925510211407 => 1
0,9909418008925576 => 1
0,990906887516189 => 1
0,9909412318939491 => 1
0,990930076489322 => 1
0,9909239852313472 => 1
0,9909381476166591 => 1
0,9909224093349724 => 1
0,9909259361393132 => 1
0,9909303555432408 => 1
0,9909305660122929 => 1
0,9909346360509341 => 1
0,990942887377022 => 1
0,9909581084159237 => 1
0,9909453731317506 => 1
0,9909854398388777 => 1
0,9909782997352246 => 1
0,9909507843739394 => 1
0,9909512101472562 => 1
0,9909597047926658 => 1
0,9909641367495636 => 1
0,9909647742546744 => 1
0,9909985461288472 => 1
0,9909820547225999 => 1
0,9910143823628595 => 1
0,9909807324390901 => 1
0,9910098762924597 => 1
0,9909930179171756 => 1
0,990987349178317 => 1
0,9909879119440409 => 1
0,9909911775590121 => 1
0,99099922356568 => 1
0,991017757180831 => 1
0,9910001433585379 => 1
0,9909988344347828 => 1
0,9910088670124101 => 1
0,9910109304607969 => 1
0,9910314800735853 => 1
0,9910174803106686 => 1
0,9910313332400416 => 1
0,9910244011378935 => 1
0,9910243529324153 => 1
0,9910306189879743 => 1
0,9910462049996364 => 1
0,9910382487396981 => 1
0,9910563289282482 => 1
0,9910711546357964 => 1
0,9910468326125962 => 1
0,9910426752079315 => 1
0,991051691368428 => 1
0,9910544178644612 => 1
0,9910572748303772 => 1
0,9910606195152909 => 1
0,9910596795479065 => 1
0,991068006532697 => 1
0,991085445715469 => 1
0,991072169502754 => 1
0,991113538324707 => 1
0,9910781032233646 => 1
0,9910820342147728 => 1
0,991122597548453 => 1
0,9910846127262046 => 1
0,9910917584282543 => 1
0,9911220496564738 => 1
0,9910961413983693 => 1
0,9911003593388363 => 1
0,9911034221198943 => 1
0,9910991816006974 => 1
0,9911078099963365 => 1
0,9911110202261175 => 1
0,9911144514064604 => 1
0,9911169361466499 => 1
0,9911229034149108 => 1
0,9911243397035813 => 1
0,9911559748969595 => 1
0,9911259223025907 => 1
0,9911696196899734 => 1
0,9911435435064418 => 1
0,9911354111984928 => 1
0,9911397221419158 => 1
0,9911422768059094 => 1
0,9911469318964624 => 1
0,9911477935544853 => 1
0,99115122915095 => 1
0,9911544585054478 => 1
0,9911565045052428 => 1
0,991162273871838 => 1
0,991159901815039 => 1
0,9911681282388565 => 1
0,9911913934126511 => 1
0,9911685264642044 => 1
0,991176825605752 => 1
0,9911964225962797 => 1
0,991196897193886 => 1
0,9911823949297314 => 1
0,991185736476151 => 1
0,9911898183949732 => 1
0,9911932299744701 => 1
0,9911955447142349 => 1
0,9912292654085936 => 1
0,9912306258063304 => 1
0,9912283984590142 => 1
0,9912159794705622 => 1
0,9912110296841906 => 1
0,9912214820478482 => 1
0,9912329458353513 => 1
0,9912167091551402 => 1
0,9912576422397166 => 1
0,9912231890825445 => 1
0,9912448704202912 => 1
0,9912331536080817 => 1
0,9912327676601009 => 1
0,9912348807660676 => 1
0,9912376837112544 => 1
0,9912388481427069 => 1
0,9912443909657881 => 1
0,991247210438169 => 1
0,9912504169725644 => 1
0,9912445396019406 => 1
0,9912532365728159 => 1
0,991256017952312 => 1
0,991261557967829 => 1
0,9912785692870716 => 1
0,9912671858663281 => 1
0,9912693204851272 => 1
0,9912724707009456 => 1
0,9912751432226794 => 1
0,9912885170306261 => 1
0,991298716730342 => 1
0,9912804392486961 => 1
0,9912863635139314 => 1
0,9912882995463239 => 1
0,9912918973369035 => 1
0,9912991054961388 => 1
0,9913271522167173 => 1
0,9913002444571061 => 1
0,9913031528369625 => 1
0,9913056048385006 => 1
0,9913096125933025 => 1
0,9913108757744618 => 1
0,9913114554004082 => 1
0,9913501950473802 => 1
0,991318218417935 => 1
0,9913337149485765 => 1
0,9913236163321355 => 1
0,9913247253010581 => 1
0,9913411887764739 => 1
0,991334096733834 => 1
0,9913357870543597 => 1
0,991361562197115 => 1
0,9913708623224609 => 1
0,9913430992738916 => 1
0,9913469587397759 => 1
0,9913504331264731 => 1
0,9913515616905887 => 1
0,9913823256719307 => 1
0,991394949628823 => 1
0,9913604194932677 => 1
0,9914042374073501 => 1
0,9913654142172367 => 1
0,9913757232992922 => 1
0,9914115230312648 => 1
0,9913704479759591 => 1
0,9913760177696956 => 1
0,9913968632957205 => 1
0,9913865153638406 => 1
0,9913939736697511 => 1
0,9913853635451627 => 1
0,9913900755924739 => 1
0,9913962960189061 => 1
0,991397620364703 => 1
0,991395710687926 => 1
0,991427833416736 => 1
0,9914034430041494 => 1
0,9914409498978877 => 1
0,9914233033096674 => 1
0,9914092421245811 => 1
0,9914125577752066 => 1
0,9914131492890346 => 1
0,9914243567004947 => 1
0,9914199052318118 => 1
0,991425207930223 => 1
0,9914566595403845 => 1
0,9914289589588408 => 1
0,9914406891225183 => 1
0,9914349755833924 => 1
0,9914370310509897 => 1
0,991439513612727 => 1
0,9914790906285632 => 1
0,991443554014163 => 1
0,9914830714179965 => 1
0,9914499404090305 => 1
0,9914962513438638 => 1
0,9914568074839079 => 1
0,991457236945239 => 1
0,9914971954503891 => 1
0,9914783953961462 => 1
0,9914705763672971 => 1
0,9914667911246772 => 1
0,9914726072251171 => 1
0,9914733639850104 => 1
0,9914758886751089 => 1
0,9914801960251735 => 1
0,9914933531003067 => 1
0,9914830864489872 => 1
0,9915029133738966 => 1
0,9914903470106355 => 1
0,9915016062097954 => 1
0,9914956060172266 => 1
0,9915133921041858 => 1
0,9915411185544839 => 1
0,9914999390458868 => 1
0,9915022157716358 => 1
0,9915083569569488 => 1
0,9915398181572358 => 1
0,9915426802947933 => 1
0,9915152224847507 => 1
0,991545545081556 => 1
0,9915393408084476 => 1
0,9915239068843399 => 1
0,9915618121997136 => 1
0,9915285697813216 => 1
0,9915414741620227 => 1
0,9915342211046241 => 1
0,9915768506809229 => 1
0,991535778650459 => 1
0,9915773113041686 => 1
0,991542667644038 => 1
0,9915412829337358 => 1
0,9915778089588914 => 1
0,9915499349436652 => 1
0,9915534511351212 => 1
0,9915561558600843 => 1
0,9915773994816611 => 1
0,9915613323719887 => 1
0,9915634988730068 => 1
0,9915716654276285 => 1
0,9916111366873571 => 1
0,9915709890621067 => 1
0,9915715679963027 => 1
0,9916067442311545 => 1
0,9915768933981467 => 1
0,9915744362575819 => 1
0,9915837477398751 => 1
0,9915866484291318 => 1
0,9915897806559044 => 1
0,9915895611743955 => 1
0,9916225752173548 => 1
0,9915972073706012 => 1
0,9915986594825698 => 1
0,9916176516308015 => 1
0,9916004982613965 => 1
0,9916077113421976 => 1
0,9916107363970735 => 1
0,9916085213355985 => 1
0,9916502514407906 => 1
0,991644760863082 => 1
0,9916167844972195 => 1
0,991645008832889 => 1
0,991620001203596 => 1
0,9916540531551522 => 1
0,9916274479875357 => 1
0,9916553865238572 => 1
0,991635271413979 => 1
0,9916458989479583 => 1
0,9916374156595449 => 1
0,9916523380199067 => 1
0,9916431232756302 => 1
0,991646231626367 => 1
0,9916884757295198 => 1
0,9916652892503327 => 1
0,9916495990165739 => 1
0,9916544796120329 => 1
0,991658830039059 => 1
0,991700821816389 => 1
0,9916630766617179 => 1
0,9916641953977304 => 1
0,9916668346630638 => 1
0,9916699780380894 => 1
0,9916716984386131 => 1
0,9916896742061643 => 1
0,9916761578962676 => 1
0,9917081276745762 => 1
0,9916836928175902 => 1
0,9916850117875531 => 1
0,9916877433622623 => 1
0,9917158424294166 => 1
0,9916892685223415 => 1
0,9916914767098858 => 1
0,9916954338354887 => 1
0,9917095379300875 => 1
0,991710022640723 => 1
0,9917031323281145 => 1
0,9917067493006998 => 1
0,9917086837514009 => 1
0,9917119361151248 => 1
0,9917131467010285 => 1
0,9917142442763295 => 1
0,9917161376395371 => 1
0,991738715399182 => 1
0,991722436601099 => 1
0,9917254662062238 => 1
0,9917277050189316 => 1
0,9917307787826617 => 1
0,9917319048891275 => 1
0,9917520095695617 => 1
0,991734042859479 => 1
0,9917380670318612 => 1
0,9917412866466907 => 1
0,9917806754392474 => 1
0,9917434844485754 => 1
0,9917857414377466 => 1
0,9917514231298767 => 1
0,9917529472099301 => 1
0,9917567352567247 => 1
0,9917615515257303 => 1
0,9917614312233411 => 1
0,991762921854543 => 1
0,9917661300612293 => 1
0,991784103018416 => 1
0,9917775564384111 => 1
0,9917724664676155 => 1
0,991791952815761 => 1
0,9917735574880223 => 1
0,9917898691819687 => 1
0,9918099934955636 => 1
0,9917846490307364 => 1
0,9917869872899538 => 1
0,9917884477706624 => 1
0,9917919210360926 => 1
0,9917917710172858 => 1
0,991787905440841 => 1
0,9918273741833623 => 1
0,9917963153411512 => 1
0,9918394229508938 => 1
0,9918421411953084 => 1
0,9918021976676148 => 1
0,9918092191455614 => 1
0,9918115352164832 => 1
0,9918346094574209 => 1
0,9918273864859306 => 1
0,9918556219403033 => 1
0,9918211288645146 => 1
0,9918594661978537 => 1
0,9918269738597258 => 1
0,9918646072375364 => 1
0,9918289123767444 => 1
0,991830030195234 => 1
0,9918552258991211 => 1
0,9918355798753979 => 1
0,991839364347991 => 1
0,9918427628011423 => 1
0,9918438418971695 => 1
0,9918472429396925 => 1
0,9918480134035284 => 1
0,9918919380746435 => 1
0,991853956182676 => 1
0,9918845982335179 => 1
0,9918580344579634 => 1
0,9918605302824531 => 1
0,9918820940270962 => 1
0,9918647799462713 => 1
0,991867018128424 => 1
0,9918704973675677 => 1
0,99186926808063 => 1
0,9919097786367264 => 1
0,991892723341113 => 1
0,9918784273823972 => 1
0,9918790134830114 => 1
0,9918834783847139 => 1
0,991901098207265 => 1
0,9918878082445508 => 1
0,9918901072904739 => 1
0,9919314421723272 => 1
0,9918939840841714 => 1
0,9919087475526256 => 1
0,9918984608173183 => 1
0,9918990725225746 => 1
0,9919018816705133 => 1
0,9919397243056638 => 1
0,9919051415694232 => 1
0,9919396721630198 => 1
0,9919210743274972 => 1
0,9919107995299768 => 1
0,9919308661736044 => 1
0,9919188452124686 => 1
0,9919211453216362 => 1
0,9919230444383843 => 1
0,9919217250363563 => 1
0,9919634224336495 => 1
0,991926710402905 => 1
0,9919306048716667 => 1
0,9919636292926076 => 1
0,9919343899929807 => 1
0,9919533642356526 => 1
0,9919395491076813 => 1
0,991943624153206 => 1
0,9919458663440727 => 1
0,9919673644262248 => 1
0,9919804349612791 => 1
0,9919866268476037 => 1
0,9919537353565304 => 1
0,9919567626615262 => 1
0,9919862711616497 => 1
0,9919605609843971 => 1
0,991959825309345 => 1
0,9919650581452963 => 1
0,9919662358009036 => 1
0,9919692181284647 => 1
0,9919996867074773 => 1
0,9919733966900888 => 1
0,9919749869970304 => 1
0,9919799133094034 => 1
0,9919983928653946 => 1
0,9920114879367459 => 1
0,9919801825035556 => 1
0,9919835985412068 => 1
0,9919890164526554 => 1
0,9919920818520078 => 1
0,9919916327495367 => 1
0,9920128278326422 => 1
0,9920061956485471 => 1
0,9920277308291253 => 1
0,9920018720440515 => 1
0,9920390793101613 => 1
0,9920063102150112 => 1
0,9920079494806417 => 1
0,9920094510194064 => 1
0,9920122185138953 => 1
0,9920141011375395 => 1
0,992015712352393 => 1
0,9920547841178033 => 1
0,9920197829136539 => 1
0,9920233230968557 => 1
0,9920208355672847 => 1
0,9920269403821044 => 1
0,9920294643797597 => 1
0,9920514868703045 => 1
0,9920348719471872 => 1
0,9920568707611247 => 1
0,9920782893952577 => 1
0,9920673645628549 => 1
0,9920420602700258 => 1
0,9920440672944841 => 1
0,9920419955960489 => 1
0,9920493521594124 => 1
0,9920800428346948 => 1
0,9920522175419461 => 1
0,992055368139905 => 1
0,9920683471426027 => 1
0,9920597518986976 => 1
0,9920773874293286 => 1
0,9920753686837972 => 1
0,9920664801625105 => 1
0,9920718615466384 => 1
0,9920703029681759 => 1
0,9920978984181272 => 1
0,992071873488564 => 1
0,9921096678206205 => 1
0,9921073637723984 => 1
0,9920804173544976 => 1
0,9920805332825712 => 1
0,9920838740766886 => 1
0,9920866546524849 => 1
0,9920919568316662 => 1
0,992089159433162 => 1
0,9920910865640576 => 1
0,9920956395668844 => 1
0,9920984984317579 => 1
0,9920949108522592 => 1
0,9921205175935711 => 1
0,9921082544189417 => 1
0,9921031347686958 => 1
0,9921071924639503 => 1
0,9921064886113882 => 1
0,9921108801886417 => 1
0,9921127450577728 => 1
0,992134134153956 => 1
0,9921145109360839 => 1
0,9921205189146697 => 1
0,9921263732595184 => 1
0,9921343736587502 => 1
0,9921606483626916 => 1
0,9921283784798991 => 1
0,9921278575933137 => 1
0,9921317421778997 => 1
0,9921337065785836 => 1
0,9921352545238848 => 1
0,9921379786721988 => 1
0,9921386461324673 => 1
0,9921504302026003 => 1
0,9921434417188523 => 1
0,9921454342930848 => 1
0,9921448555608416 => 1
0,992149037126473 => 1
0,9921812398167995 => 1
0,9921532214448094 => 1
0,9921836159455076 => 1
0,9921758141917961 => 1
0,9921604353561287 => 1
0,9921902078045132 => 1
0,9921644707676233 => 1
0,9921638194427512 => 1
0,9921682568538082 => 1
0,9921952598300168 => 1
0,9921740307969228 => 1
0,9921763763776866 => 1
0,9921795750765331 => 1
0,9921789353205936 => 1
0,9921973684084553 => 1
0,9921829133179932 => 1
0,9921855485542568 => 1
0,9921867106620418 => 1
0,9921881267186765 => 1
0,9922094857722734 => 1
0,9922087352678259 => 1
0,992229521072823 => 1
0,992196941718103 => 1
0,9921966623703231 => 1
0,9921982902515109 => 1
0,9922002964517626 => 1
0,9922042796235917 => 1
0,9922256851602141 => 1
0,9922377633715355 => 1
0,9922088557298672 => 1
0,9922122961163571 => 1
0,9922493296433512 => 1
0,9922214689488544 => 1
0,9922185503894494 => 1
0,9922394662560561 => 1
0,9922187425689556 => 1
0,9922234638068381 => 1
0,9922614581835845 => 1
0,9922279768208682 => 1
0,9922303012919996 => 1
0,9922435071334853 => 1
0,9922328921865602 => 1
0,9922360976941386 => 1
0,9922495396103936 => 1
0,992241063557338 => 1
0,9922707508467589 => 1
0,9922426083169434 => 1
0,9922458533193841 => 1
0,9922469893520419 => 1
0,9922503423730477 => 1
0,9922501231426984 => 1
0,9922528406939432 => 1
0,9922558404104792 => 1
0,9922517586627729 => 1
0,992256708134056 => 1
0,9922754857269959 => 1
0,9922782119134453 => 1
0,9923004381727226 => 1
0,9922625261218304 => 1
0,9922990449661878 => 1
0,992270024770335 => 1
0,9922713661787029 => 1
0,99227419942086 => 1
0,9922975848672356 => 1
0,9922764239370745 => 1
0,9923102425254783 => 1
0,9922902928675383 => 1
0,9922840675990221 => 1
0,9922865820317611 => 1
0,9922885527116807 => 1
0,9922957823398705 => 1
0,9923211147041883 => 1
0,992293164227122 => 1
0,9923142078837836 => 1
0,9923244418206586 => 1
0,9922993416452784 => 1
0,9923043502315002 => 1
0,9923041930329627 => 1
0,9923060348076173 => 1
0,9923100341640495 => 1
0,9923446064003777 => 1
0,9923123651010266 => 1
0,9923122764268064 => 1
0,9923362828592414 => 1
0,9923179679444407 => 1
0,9923387993051112 => 1
0,992321280647934 => 1
0,9923237202825865 => 1
0,9923240938079468 => 1
0,992326061765534 => 1
0,9923287391123116 => 1
0,9923312762762775 => 1
0,9923503056925739 => 1
0,9923335185665921 => 1
0,9923361591787218 => 1
0,9923400446802647 => 1
0,9923388772466274 => 1
0,9923595976776557 => 1
0,9923732342939299 => 1
0,9923548985824636 => 1
0,9923443547048749 => 1
0,9923503984710322 => 1
0,9923569589210746 => 1
0,9923565284311909 => 1
0,9923536640436001 => 1
0,9923751490566813 => 1
0,992396604223771 => 1
0,9923608134409707 => 1
0,9923633011651063 => 1
0,9923727620118404 => 1
0,9923660517483985 => 1
0,9923743014781881 => 1
0,9923735469383947 => 1
0,9924018327950784 => 1
0,9923741012083434 => 1
0,9923757281238054 => 1
0,9923785812372499 => 1
0,9923797051192418 => 1
0,9924059349917104 => 1
0,9923828088593484 => 1
0,9924081665738933 => 1
0,9923980662520274 => 1
0,9923891613110025 => 1
0,9923906156744841 => 1
0,9924097299310196 => 1
0,9923944806133935 => 1
0,9923925138658923 => 1
0,9924188182006527 => 1
0,9924280730698201 => 1
0,992401351331084 => 1
0,9924221507905279 => 1
0,9924046216736038 => 1
0,9924077969340371 => 1
0,9924368606466093 => 1
0,9924118164026833 => 1
0,9924420336382608 => 1
0,9924149540959541 => 1
0,9924161517666038 => 1
0,9924147728983298 => 1
0,9924411326630135 => 1
0,9924594159989977 => 1
0,9924240078366702 => 1
0,9924256408481842 => 1
0,9924281690087939 => 1
0,9924286987401797 => 1
0,9924505634388052 => 1
0,9924321990938922 => 1
0,9924340890862845 => 1
0,992437050891725 => 1
0,992437749021277 => 1
0,9924400939272457 => 1
0,9924397562365757 => 1
0,9924428053625145 => 1
0,992445678904914 => 1
0,9924675024634723 => 1
0,99244800671869 => 1
0,9924707472817893 => 1
0,9924498587939232 => 1
0,9924561087622163 => 1
0,9924864219736238 => 1
0,9924590774503835 => 1
0,9924606560718353 => 1
0,9924611689605445 => 1
0,9924640124765947 => 1
0,9924637713824145 => 1
0,992467611567945 => 1
0,9924718828685138 => 1
0,9924714847486892 => 1
0,9924732131844464 => 1
0,9924727088305922 => 1
0,9924769471103017 => 1
0,9924776106295156 => 1
0,9924773183651641 => 1
0,9924819984926044 => 1
0,9924847129821539 => 1
0,992484712562299 => 1
0,9924852320003693 => 1
0,9924892476351689 => 1
0,9924916329831444 => 1
